2554 2300 M
1 2297 1
1 2298 1
1 2299 2
1 2300 -24
2 2291 1
2 2292 1
2 2293 1
2 2296 2
2 2300 -48
3 2281 1
3 2282 1
3 2283 1
3 2284 1
3 2290 2
3 2300 -84
4 2266 1
4 2267 1
4 2268 1
4 2269 1
4 2270 1
4 2280 2
4 2300 -120
5 2245 1
5 2246 1
5 2247 1
5 2248 1
5 2249 1
5 2250 1
5 2265 2
5 2300 -120
6 2217 1
6 2218 1
6 2219 1
6 2220 1
6 2221 1
6 2222 1
6 2223 1
6 2244 2
6 2300 -48
7 2181 1
7 2182 1
7 2183 1
7 2184 1
7 2185 1
7 2186 1
7 2187 1
7 2188 1
7 2216 2
7 2300 -24
8 2136 1
8 2137 1
8 2138 1
8 2139 1
8 2140 1
8 2141 1
8 2142 1
8 2143 1
8 2144 1
8 2180 2
8 2300 -12
9 2081 1
9 2082 1
9 2083 1
9 2084 1
9 2085 1
9 2086 1
9 2087 1
9 2088 1
9 2089 1
9 2090 1
9 2135 2
9 2300 -24
10 2015 1
10 2016 1
10 2017 1
10 2018 1
10 2019 1
10 2020 1
10 2021 1
10 2022 1
10 2023 1
10 2024 1
10 2025 1
10 2080 2
10 2300 -48
11 1937 1
11 1938 1
11 1939 1
11 1940 1
11 1941 1
11 1942 1
11 1943 1
11 1944 1
11 1945 1
11 1946 1
11 1947 1
11 1948 1
11 2014 2
11 2300 -84
12 1846 1
12 1847 1
12 1848 1
12 1849 1
12 1850 1
12 1851 1
12 1852 1
12 1853 1
12 1854 1
12 1855 1
12 1856 1
12 1857 1
12 1858 1
12 1936 2
12 2300 -120
13 1741 1
13 1742 1
13 1743 1
13 1744 1
13 1745 1
13 1746 1
13 1747 1
13 1748 1
13 1749 1
13 1750 1
13 1751 1
13 1752 1
13 1753 1
13 1754 1
13 1845 2
13 2300 -120
14 1621 1
14 1622 1
14 1623 1
14 1624 1
14 1625 1
14 1626 1
14 1627 1
14 1628 1
14 1629 1
14 1630 1
14 1631 1
14 1632 1
14 1633 1
14 1634 1
14 1635 1
14 1740 2
14 2300 -48
15 1485 1
15 1486 1
15 1487 1
15 1488 1
15 1489 1
15 1490 1
15 1491 1
15 1492 1
15 1493 1
15 1494 1
15 1495 1
15 1496 1
15 1497 1
15 1498 1
15 1499 1
15 1500 1
15 1620 2
15 2300 -24
16 1332 1
16 1333 1
16 1334 1
16 1335 1
16 1336 1
16 1337 1
16 1338 1
16 1339 1
16 1340 1
16 1341 1
16 1342 1
16 1343 1
16 1344 1
16 1345 1
16 1346 1
16 1347 1
16 1348 1
16 1484 2
16 2300 -12
17 1161 1
17 1162 1
17 1163 1
17 1164 1
17 1165 1
17 1166 1
17 1167 1
17 1168 1
17 1169 1
17 1170 1
17 1171 1
17 1172 1
17 1173 1
17 1174 1
17 1175 1
17 1176 1
17 1177 1
17 1178 1
17 1331 2
18 971 1
18 972 1
18 973 1
18 974 1
18 975 1
18 976 1
18 977 1
18 978 1
18 979 1
18 980 1
18 981 1
18 982 1
18 983 1
18 984 1
18 985 1
18 986 1
18 987 1
18 988 1
18 989 1
18 1160 2
19 761 1
19 762 1
19 763 1
19 764 1
19 765 1
19 766 1
19 767 1
19 768 1
19 769 1
19 770 1
19 771 1
19 772 1
19 773 1
19 774 1
19 775 1
19 776 1
19 777 1
19 778 1
19 779 1
19 780 1
19 970 2
20 530 1
20 531 1
20 532 1
20 533 1
20 534 1
20 535 1
20 536 1
20 537 1
20 538 1
20 539 1
20 540 1
20 541 1
20 542 1
20 543 1
20 544 1
20 545 1
20 546 1
20 547 1
20 548 1
20 549 1
20 550 1
20 760 2
21 277 1
21 278 1
21 279 1
21 280 1
21 281 1
21 282 1
21 283 1
21 284 1
21 285 1
21 286 1
21 287 1
21 288 1
21 289 1
21 290 1
21 291 1
21 292 1
21 293 1
21 294 1
21 295 1
21 296 1
21 297 1
21 298 1
21 529 2
22 1 1
22 2 1
22 3 1
22 4 1
22 5 1
22 6 1
22 7 1
22 8 1
22 9 1
22 10 1
22 11 1
22 12 1
22 13 1
22 14 1
22 15 1
22 16 1
22 17 1
22 18 1
22 19 1
22 20 1
22 21 1
22 22 1
22 23 1
22 276 2
23 2297 3
23 2298 3
23 2299 2
23 2300 -16
24 2294 1
24 2295 1
24 2300 -40
25 2288 1
25 2289 1
25 2300 -77
26 2278 1
26 2279 1
26 2300 -40
27 2263 1
27 2264 1
27 2300 -32
28 2242 1
28 2243 1
28 2300 -24
29 2214 1
29 2215 1
29 2300 -16
30 2178 1
30 2179 1
30 2300 -8
31 2133 1
31 2134 1
32 2078 1
32 2079 1
33 2012 1
33 2013 1
34 1934 1
34 1935 1
35 1843 1
35 1844 1
36 1738 1
36 1739 1
37 1618 1
37 1619 1
38 1482 1
38 1483 1
39 1329 1
39 1330 1
40 1158 1
40 1159 1
41 968 1
41 969 1
42 758 1
42 759 1
43 527 1
43 528 1
44 274 1
44 275 1
45 2297 6
45 2298 6
46 2300 -20
47 2291 3
47 2292 3
47 2293 3
47 2296 2
47 2300 -32
48 2285 1
48 2286 1
48 2287 1
48 2300 -40
49 2275 1
49 2276 1
49 2277 1
49 2300 -285
50 2260 1
50 2261 1
50 2262 1
50 2300 -48
51 2239 1
51 2240 1
51 2241 1
51 2300 -90
52 2211 1
52 2212 1
52 2213 1
52 2300 -24
53 2175 1
53 2176 1
53 2177 1
53 2300 -15
54 2130 1
54 2131 1
54 2132 1
55 2075 1
55 2076 1
55 2077 1
56 2009 1
56 2010 1
56 2011 1
57 1931 1
57 1932 1
57 1933 1
58 1840 1
58 1841 1
58 1842 1
59 1735 1
59 1736 1
59 1737 1
60 1615 1
60 1616 1
60 1617 1
61 1479 1
61 1480 1
61 1481 1
62 1326 1
62 1327 1
62 1328 1
63 1155 1
63 1156 1
63 1157 1
64 965 1
64 966 1
64 967 1
65 755 1
65 756 1
65 757 1
66 524 1
66 525 1
66 526 1
67 271 1
67 272 1
67 273 1
69 2294 2
69 2295 2
70 2291 6
70 2292 6
70 2293 6
71 2300 -28
72 2300 -40
73 2281 3
73 2282 3
73 2283 3
73 2284 3
73 2290 2
73 2300 -56
74 2271 1
74 2272 1
74 2273 1
74 2274 1
74 2300 -80
75 2256 1
75 2257 1
75 2258 1
75 2259 1
75 2300 -64
76 2235 1
76 2236 1
76 2237 1
76 2238 1
76 2300 -48
77 2207 1
77 2208 1
77 2209 1
77 2210 1
77 2300 -32
78 2171 1
78 2172 1
78 2173 1
78 2174 1
78 2300 -16
79 2126 1
79 2127 1
79 2128 1
79 2129 1
80 2071 1
80 2072 1
80 2073 1
80 2074 1
81 2005 1
81 2006 1
81 2007 1
81 2008 1
82 1927 1
82 1928 1
82 1929 1
82 1930 1
83 1836 1
83 1837 1
83 1838 1
83 1839 1
84 1731 1
84 1732 1
84 1733 1
84 1734 1
85 1611 1
85 1612 1
85 1613 1
85 1614 1
86 1475 1
86 1476 1
86 1477 1
86 1478 1
87 1322 1
87 1323 1
87 1324 1
87 1325 1
88 1151 1
88 1152 1
88 1153 1
88 1154 1
89 961 1
89 962 1
89 963 1
89 964 1
90 751 1
90 752 1
90 753 1
90 754 1
91 520 1
91 521 1
91 522 1
91 523 1
92 267 1
92 268 1
92 269 1
92 270 1
96 2288 2
96 2289 2
97 2285 2
97 2286 2
97 2287 2
98 2281 6
98 2282 6
98 2283 6
98 2284 6
99 2300 -40
100 2300 -60
101 2300 -80
102 2266 3
102 2267 3
102 2268 3
102 2269 3
102 2270 3
102 2280 2
102 2300 -120
103 2251 1
103 2252 1
103 2253 1
103 2254 1
103 2255 1
103 2300 -96
104 2230 1
104 2231 1
104 2232 1
104 2233 1
104 2234 1
104 2300 -72
105 2202 1
105 2203 1
105 2204 1
105 2205 1
105 2206 1
105 2300 -48
106 2166 1
106 2167 1
106 2168 1
106 2169 1
106 2170 1
106 2300 -24
107 2121 1
107 2122 1
107 2123 1
107 2124 1
107 2125 1
108 2066 1
108 2067 1
108 2068 1
108 2069 1
108 2070 1
109 2000 1
109 2001 1
109 2002 1
109 2003 1
109 2004 1
110 1922 1
110 1923 1
110 1924 1
110 1925 1
110 1926 1
111 1831 1
111 1832 1
111 1833 1
111 1834 1
111 1835 1
112 1726 1
112 1727 1
112 1728 1
112 1729 1
112 1730 1
113 1606 1
113 1607 1
113 1608 1
113 1609 1
113 1610 1
114 1470 1
114 1471 1
114 1472 1
114 1473 1
114 1474 1
115 1317 1
115 1318 1
115 1319 1
115 1320 1
115 1321 1
116 1146 1
116 1147 1
116 1148 1
116 1149 1
116 1150 1
117 956 1
117 957 1
117 958 1
117 959 1
117 960 1
118 746 1
118 747 1
118 748 1
118 749 1
118 750 1
119 515 1
119 516 1
119 517 1
119 518 1
119 519 1
120 262 1
120 263 1
120 264 1
120 265 1
120 266 1
127 2278 2
127 2279 2
128 2275 2
128 2276 2
128 2277 2
129 2271 2
129 2272 2
129 2273 2
129 2274 2
130 2266 6
130 2267 6
130 2268 6
130 2269 6
130 2270 6
131 2300 -32
132 2300 -48
133 2300 -64
134 2300 -96
135 2245 3
135 2246 3
135 2247 3
135 2248 3
135 2249 3
135 2250 3
135 2265 2
135 2300 -80
136 2224 1
136 2225 1
136 2226 1
136 2227 1
136 2228 1
136 2229 1
136 2300 -150
137 2196 1
137 2197 1
137 2198 1
137 2199 1
137 2200 1
137 2201 1
137 2300 -40
138 2160 1
138 2161 1
138 2162 1
138 2163 1
138 2164 1
138 2165 1
138 2300 -25
139 2115 1
139 2116 1
139 2117 1
139 2118 1
139 2119 1
139 2120 1
140 2060 1
140 2061 1
140 2062 1
140 2063 1
140 2064 1
140 2065 1
141 1994 1
141 1995 1
141 1996 1
141 1997 1
141 1998 1
141 1999 1
142 1916 1
142 1917 1
142 1918 1
142 1919 1
142 1920 1
142 1921 1
143 1825 1
143 1826 1
143 1827 1
143 1828 1
143 1829 1
143 1830 1
144 1720 1
144 1721 1
144 1722 1
144 1723 1
144 1724 1
144 1725 1
145 1600 1
145 1601 1
145 1602 1
145 1603 1
145 1604 1
145 1605 1
146 1464 1
146 1465 1
146 1466 1
146 1467 1
146 1468 1
146 1469 1
147 1311 1
147 1312 1
147 1313 1
147 1314 1
147 1315 1
147 1316 1
148 1140 1
148 1141 1
148 1142 1
148 1143 1
148 1144 1
148 1145 1
149 950 1
149 951 1
149 952 1
149 953 1
149 954 1
149 955 1
150 740 1
150 741 1
150 742 1
150 743 1
150 744 1
150 745 1
151 509 1
151 510 1
151 511 1
151 512 1
151 513 1
151 514 1
152 256 1
152 257 1
152 258 1
152 259 1
152 260 1
152 261 1
163 2263 2
163 2264 2
164 2260 2
164 2261 2
164 2262 2
165 2256 2
165 2257 2
165 2258 2
165 2259 2
166 2251 2
166 2252 2
166 2253 2
166 2254 2
166 2255 2
167 2245 6
167 2246 6
167 2247 6
167 2248 6
167 2249 6
167 2250 6
168 2300 -24
169 2300 -36
170 2300 -48
171 2300 -72
172 2300 -60
173 2217 3
173 2218 3
173 2219 3
173 2220 3
173 2221 3
173 2222 3
173 2223 3
173 2244 2
173 2300 -48
174 2189 1
174 2190 1
174 2191 1
174 2192 1
174 2193 1
174 2194 1
174 2195 1
174 2300 -32
175 2153 1
175 2154 1
175 2155 1
175 2156 1
175 2157 1
175 2158 1
175 2159 1
175 2300 -16
176 2108 1
176 2109 1
176 2110 1
176 2111 1
176 2112 1
176 2113 1
176 2114 1
177 2053 1
177 2054 1
177 2055 1
177 2056 1
177 2057 1
177 2058 1
177 2059 1
178 1987 1
178 1988 1
178 1989 1
178 1990 1
178 1991 1
178 1992 1
178 1993 1
179 1909 1
179 1910 1
179 1911 1
179 1912 1
179 1913 1
179 1914 1
179 1915 1
180 1818 1
180 1819 1
180 1820 1
180 1821 1
180 1822 1
180 1823 1
180 1824 1
181 1713 1
181 1714 1
181 1715 1
181 1716 1
181 1717 1
181 1718 1
181 1719 1
182 1593 1
182 1594 1
182 1595 1
182 1596 1
182 1597 1
182 1598 1
182 1599 1
183 1457 1
183 1458 1
183 1459 1
183 1460 1
183 1461 1
183 1462 1
183 1463 1
184 1304 1
184 1305 1
184 1306 1
184 1307 1
184 1308 1
184 1309 1
184 1310 1
185 1133 1
185 1134 1
185 1135 1
185 1136 1
185 1137 1
185 1138 1
185 1139 1
186 943 1
186 944 1
186 945 1
186 946 1
186 947 1
186 948 1
186 949 1
187 733 1
187 734 1
187 735 1
187 736 1
187 737 1
187 738 1
187 739 1
188 502 1
188 503 1
188 504 1
188 505 1
188 506 1
188 507 1
188 508 1
189 249 1
189 250 1
189 251 1
189 252 1
189 253 1
189 254 1
189 255 1
205 2242 2
205 2243 2
206 2239 2
206 2240 2
206 2241 2
207 2235 2
207 2236 2
207 2237 2
207 2238 2
208 2230 2
208 2231 2
208 2232 2
208 2233 2
208 2234 2
209 2224 2
209 2225 2
209 2226 2
209 2227 2
209 2228 2
209 2229 2
210 2217 6
210 2218 6
210 2219 6
210 2220 6
210 2221 6
210 2222 6
210 2223 6
211 2300 -16
212 2300 -24
213 2300 -32
214 2300 -48
215 2300 -40
216 2300 -32
217 2181 3
217 2182 3
217 2183 3
217 2184 3
217 2185 3
217 2186 3
217 2187 3
217 2188 3
217 2216 2
217 2300 -24
218 2145 1
218 2146 1
218 2147 1
218 2148 1
218 2149 1
218 2150 1
218 2151 1
218 2152 1
218 2300 -15
219 2100 1
219 2101 1
219 2102 1
219 2103 1
219 2104 1
219 2105 1
219 2106 1
219 2107 1
220 2045 1
220 2046 1
220 2047 1
220 2048 1
220 2049 1
220 2050 1
220 2051 1
220 2052 1
221 1979 1
221 1980 1
221 1981 1
221 1982 1
221 1983 1
221 1984 1
221 1985 1
221 1986 1
222 1901 1
222 1902 1
222 1903 1
222 1904 1
222 1905 1
222 1906 1
222 1907 1
222 1908 1
223 1810 1
223 1811 1
223 1812 1
223 1813 1
223 1814 1
223 1815 1
223 1816 1
223 1817 1
224 1705 1
224 1706 1
224 1707 1
224 1708 1
224 1709 1
224 1710 1
224 1711 1
224 1712 1
225 1585 1
225 1586 1
225 1587 1
225 1588 1
225 1589 1
225 1590 1
225 1591 1
225 1592 1
226 1449 1
226 1450 1
226 1451 1
226 1452 1
226 1453 1
226 1454 1
226 1455 1
226 1456 1
227 1296 1
227 1297 1
227 1298 1
227 1299 1
227 1300 1
227 1301 1
227 1302 1
227 1303 1
228 1125 1
228 1126 1
228 1127 1
228 1128 1
228 1129 1
228 1130 1
228 1131 1
228 1132 1
229 935 1
229 936 1
229 937 1
229 938 1
229 939 1
229 940 1
229 941 1
229 942 1
230 725 1
230 726 1
230 727 1
230 728 1
230 729 1
230 730 1
230 731 1
230 732 1
231 494 1
231 495 1
231 496 1
231 497 1
231 498 1
231 499 1
231 500 1
231 501 1
232 241 1
232 242 1
232 243 1
232 244 1
232 245 1
232 246 1
232 247 1
232 248 1
254 2214 2
254 2215 2
255 2211 2
255 2212 2
255 2213 2
256 2207 2
256 2208 2
256 2209 2
256 2210 2
257 2202 2
257 2203 2
257 2204 2
257 2205 2
257 2206 2
258 2196 2
258 2197 2
258 2198 2
258 2199 2
258 2200 2
258 2201 2
259 2189 2
259 2190 2
259 2191 2
259 2192 2
259 2193 2
259 2194 2
259 2195 2
260 2181 6
260 2182 6
260 2183 6
260 2184 6
260 2185 6
260 2186 6
260 2187 6
260 2188 6
261 2300 -8
262 2300 -12
263 2300 -16
264 2300 -24
265 2300 -20
266 2300 -16
267 2300 -12
268 2136 3
268 2137 3
268 2138 3
268 2139 3
268 2140 3
268 2141 3
268 2142 3
268 2143 3
268 2144 3
268 2180 2
268 2300 -8
269 2091 1
269 2092 1
269 2093 1
269 2094 1
269 2095 1
269 2096 1
269 2097 1
269 2098 1
269 2099 1
270 2036 1
270 2037 1
270 2038 1
270 2039 1
270 2040 1
270 2041 1
270 2042 1
270 2043 1
270 2044 1
271 1970 1
271 1971 1
271 1972 1
271 1973 1
271 1974 1
271 1975 1
271 1976 1
271 1977 1
271 1978 1
272 1892 1
272 1893 1
272 1894 1
272 1895 1
272 1896 1
272 1897 1
272 1898 1
272 1899 1
272 1900 1
273 1801 1
273 1802 1
273 1803 1
273 1804 1
273 1805 1
273 1806 1
273 1807 1
273 1808 1
273 1809 1
274 1696 1
274 1697 1
274 1698 1
274 1699 1
274 1700 1
274 1701 1
274 1702 1
274 1703 1
274 1704 1
275 1576 1
275 1577 1
275 1578 1
275 1579 1
275 1580 1
275 1581 1
275 1582 1
275 1583 1
275 1584 1
276 1440 1
276 1441 1
276 1442 1
276 1443 1
276 1444 1
276 1445 1
276 1446 1
276 1447 1
276 1448 1
277 1287 1
277 1288 1
277 1289 1
277 1290 1
277 1291 1
277 1292 1
277 1293 1
277 1294 1
277 1295 1
278 1116 1
278 1117 1
278 1118 1
278 1119 1
278 1120 1
278 1121 1
278 1122 1
278 1123 1
278 1124 1
279 926 1
279 927 1
279 928 1
279 929 1
279 930 1
279 931 1
279 932 1
279 933 1
279 934 1
280 716 1
280 717 1
280 718 1
280 719 1
280 720 1
280 721 1
280 722 1
280 723 1
280 724 1
281 485 1
281 486 1
281 487 1
281 488 1
281 489 1
281 490 1
281 491 1
281 492 1
281 493 1
282 232 1
282 233 1
282 234 1
282 235 1
282 236 1
282 237 1
282 238 1
282 239 1
282 240 1
311 2178 2
311 2179 2
312 2175 2
312 2176 2
312 2177 2
313 2171 2
313 2172 2
313 2173 2
313 2174 2
314 2166 2
314 2167 2
314 2168 2
314 2169 2
314 2170 2
315 2160 2
315 2161 2
315 2162 2
315 2163 2
315 2164 2
315 2165 2
316 2153 2
316 2154 2
316 2155 2
316 2156 2
316 2157 2
316 2158 2
316 2159 2
317 2145 2
317 2146 2
317 2147 2
317 2148 2
317 2149 2
317 2150 2
317 2151 2
317 2152 2
318 2136 6
318 2137 6
318 2138 6
318 2139 6
318 2140 6
318 2141 6
318 2142 6
318 2143 6
318 2144 6
327 2081 3
327 2082 3
327 2083 3
327 2084 3
327 2085 3
327 2086 3
327 2087 3
327 2088 3
327 2089 3
327 2090 3
327 2135 2
327 2300 -16
328 2026 1
328 2027 1
328 2028 1
328 2029 1
328 2030 1
328 2031 1
328 2032 1
328 2033 1
328 2034 1
328 2035 1
328 2300 -40
329 1960 1
329 1961 1
329 1962 1
329 1963 1
329 1964 1
329 1965 1
329 1966 1
329 1967 1
329 1968 1
329 1969 1
329 2300 -77
330 1882 1
330 1883 1
330 1884 1
330 1885 1
330 1886 1
330 1887 1
330 1888 1
330 1889 1
330 1890 1
330 1891 1
330 2300 -40
331 1791 1
331 1792 1
331 1793 1
331 1794 1
331 1795 1
331 1796 1
331 1797 1
331 1798 1
331 1799 1
331 1800 1
331 2300 -32
332 1686 1
332 1687 1
332 1688 1
332 1689 1
332 1690 1
332 1691 1
332 1692 1
332 1693 1
332 1694 1
332 1695 1
332 2300 -24
333 1566 1
333 1567 1
333 1568 1
333 1569 1
333 1570 1
333 1571 1
333 1572 1
333 1573 1
333 1574 1
333 1575 1
333 2300 -16
334 1430 1
334 1431 1
334 1432 1
334 1433 1
334 1434 1
334 1435 1
334 1436 1
334 1437 1
334 1438 1
334 1439 1
334 2300 -8
335 1277 1
335 1278 1
335 1279 1
335 1280 1
335 1281 1
335 1282 1
335 1283 1
335 1284 1
335 1285 1
335 1286 1
336 1106 1
336 1107 1
336 1108 1
336 1109 1
336 1110 1
336 1111 1
336 1112 1
336 1113 1
336 1114 1
336 1115 1
337 916 1
337 917 1
337 918 1
337 919 1
337 920 1
337 921 1
337 922 1
337 923 1
337 924 1
337 925 1
338 706 1
338 707 1
338 708 1
338 709 1
338 710 1
338 711 1
338 712 1
338 713 1
338 714 1
338 715 1
339 475 1
339 476 1
339 477 1
339 478 1
339 479 1
339 480 1
339 481 1
339 482 1
339 483 1
339 484 1
340 222 1
340 223 1
340 224 1
340 225 1
340 226 1
340 227 1
340 228 1
340 229 1
340 230 1
340 231 1
377 2133 2
377 2134 2
378 2130 2
378 2131 2
378 2132 2
379 2126 2
379 2127 2
379 2128 2
379 2129 2
380 2121 2
380 2122 2
380 2123 2
380 2124 2
380 2125 2
381 2115 2
381 2116 2
381 2117 2
381 2118 2
381 2119 2
381 2120 2
382 2108 2
382 2109 2
382 2110 2
382 2111 2
382 2112 2
382 2113 2
382 2114 2
383 2100 2
383 2101 2
383 2102 2
383 2103 2
383 2104 2
383 2105 2
383 2106 2
383 2107 2
384 2091 2
384 2092 2
384 2093 2
384 2094 2
384 2095 2
384 2096 2
384 2097 2
384 2098 2
384 2099 2
385 2081 6
385 2082 6
385 2083 6
385 2084 6
385 2085 6
385 2086 6
385 2087 6
385 2088 6
385 2089 6
385 2090 6
394 2300 -20
395 2015 3
395 2016 3
395 2017 3
395 2018 3
395 2019 3
395 2020 3
395 2021 3
395 2022 3
395 2023 3
395 2024 3
395 2025 3
395 2080 2
395 2300 -32
396 1949 1
396 1950 1
396 1951 1
396 1952 1
396 1953 1
396 1954 1
396 1955 1
396 1956 1
396 1957 1
396 1958 1
396 1959 1
396 2300 -40
397 1871 1
397 1872 1
397 1873 1
397 1874 1
397 1875 1
397 1876 1
397 1877 1
397 1878 1
397 1879 1
397 1880 1
397 1881 1
397 2300 -285
398 1780 1
398 1781 1
398 1782 1
398 1783 1
398 1784 1
398 1785 1
398 1786 1
398 1787 1
398 1788 1
398 1789 1
398 1790 1
398 2300 -48
399 1675 1
399 1676 1
399 1677 1
399 1678 1
399 1679 1
399 1680 1
399 1681 1
399 1682 1
399 1683 1
399 1684 1
399 1685 1
399 2300 -90
400 1555 1
400 1556 1
400 1557 1
400 1558 1
400 1559 1
400 1560 1
400 1561 1
400 1562 1
400 1563 1
400 1564 1
400 1565 1
400 2300 -24
401 1419 1
401 1420 1
401 1421 1
401 1422 1
401 1423 1
401 1424 1
401 1425 1
401 1426 1
401 1427 1
401 1428 1
401 1429 1
401 2300 -15
402 1266 1
402 1267 1
402 1268 1
402 1269 1
402 1270 1
402 1271 1
402 1272 1
402 1273 1
402 1274 1
402 1275 1
402 1276 1
403 1095 1
403 1096 1
403 1097 1
403 1098 1
403 1099 1
403 1100 1
403 1101 1
403 1102 1
403 1103 1
403 1104 1
403 1105 1
404 905 1
404 906 1
404 907 1
404 908 1
404 909 1
404 910 1
404 911 1
404 912 1
404 913 1
404 914 1
404 915 1
405 695 1
405 696 1
405 697 1
405 698 1
405 699 1
405 700 1
405 701 1
405 702 1
405 703 1
405 704 1
405 705 1
406 464 1
406 465 1
406 466 1
406 467 1
406 468 1
406 469 1
406 470 1
406 471 1
406 472 1
406 473 1
406 474 1
407 211 1
407 212 1
407 213 1
407 214 1
407 215 1
407 216 1
407 217 1
407 218 1
407 219 1
407 220 1
407 221 1
453 2078 2
453 2079 2
454 2075 2
454 2076 2
454 2077 2
455 2071 2
455 2072 2
455 2073 2
455 2074 2
456 2066 2
456 2067 2
456 2068 2
456 2069 2
456 2070 2
457 2060 2
457 2061 2
457 2062 2
457 2063 2
457 2064 2
457 2065 2
458 2053 2
458 2054 2
458 2055 2
458 2056 2
458 2057 2
458 2058 2
458 2059 2
459 2045 2
459 2046 2
459 2047 2
459 2048 2
459 2049 2
459 2050 2
459 2051 2
459 2052 2
460 2036 2
460 2037 2
460 2038 2
460 2039 2
460 2040 2
460 2041 2
460 2042 2
460 2043 2
460 2044 2
461 2026 2
461 2027 2
461 2028 2
461 2029 2
461 2030 2
461 2031 2
461 2032 2
461 2033 2
461 2034 2
461 2035 2
462 2015 6
462 2016 6
462 2017 6
462 2018 6
462 2019 6
462 2020 6
462 2021 6
462 2022 6
462 2023 6
462 2024 6
462 2025 6
471 2300 -28
472 2300 -40
473 1937 3
473 1938 3
473 1939 3
473 1940 3
473 1941 3
473 1942 3
473 1943 3
473 1944 3
473 1945 3
473 1946 3
473 1947 3
473 1948 3
473 2014 2
473 2300 -56
474 1859 1
474 1860 1
474 1861 1
474 1862 1
474 1863 1
474 1864 1
474 1865 1
474 1866 1
474 1867 1
474 1868 1
474 1869 1
474 1870 1
474 2300 -80
475 1768 1
475 1769 1
475 1770 1
475 1771 1
475 1772 1
475 1773 1
475 1774 1
475 1775 1
475 1776 1
475 1777 1
475 1778 1
475 1779 1
475 2300 -64
476 1663 1
476 1664 1
476 1665 1
476 1666 1
476 1667 1
476 1668 1
476 1669 1
476 1670 1
476 1671 1
476 1672 1
476 1673 1
476 1674 1
476 2300 -48
477 1543 1
477 1544 1
477 1545 1
477 1546 1
477 1547 1
477 1548 1
477 1549 1
477 1550 1
477 1551 1
477 1552 1
477 1553 1
477 1554 1
477 2300 -32
478 1407 1
478 1408 1
478 1409 1
478 1410 1
478 1411 1
478 1412 1
478 1413 1
478 1414 1
478 1415 1
478 1416 1
478 1417 1
478 1418 1
478 2300 -16
479 1254 1
479 1255 1
479 1256 1
479 1257 1
479 1258 1
479 1259 1
479 1260 1
479 1261 1
479 1262 1
479 1263 1
479 1264 1
479 1265 1
480 1083 1
480 1084 1
480 1085 1
480 1086 1
480 1087 1
480 1088 1
480 1089 1
480 1090 1
480 1091 1
480 1092 1
480 1093 1
480 1094 1
481 893 1
481 894 1
481 895 1
481 896 1
481 897 1
481 898 1
481 899 1
481 900 1
481 901 1
481 902 1
481 903 1
481 904 1
482 683 1
482 684 1
482 685 1
482 686 1
482 687 1
482 688 1
482 689 1
482 690 1
482 691 1
482 692 1
482 693 1
482 694 1
483 452 1
483 453 1
483 454 1
483 455 1
483 456 1
483 457 1
483 458 1
483 459 1
483 460 1
483 461 1
483 462 1
483 463 1
484 199 1
484 200 1
484 201 1
484 202 1
484 203 1
484 204 1
484 205 1
484 206 1
484 207 1
484 208 1
484 209 1
484 210 1
540 2012 2
540 2013 2
541 2009 2
541 2010 2
541 2011 2
542 2005 2
542 2006 2
542 2007 2
542 2008 2
543 2000 2
543 2001 2
543 2002 2
543 2003 2
543 2004 2
544 1994 2
544 1995 2
544 1996 2
544 1997 2
544 1998 2
544 1999 2
545 1987 2
545 1988 2
545 1989 2
545 1990 2
545 1991 2
545 1992 2
545 1993 2
546 1979 2
546 1980 2
546 1981 2
546 1982 2
546 1983 2
546 1984 2
546 1985 2
546 1986 2
547 1970 2
547 1971 2
547 1972 2
547 1973 2
547 1974 2
547 1975 2
547 1976 2
547 1977 2
547 1978 2
548 1960 2
548 1961 2
548 1962 2
548 1963 2
548 1964 2
548 1965 2
548 1966 2
548 1967 2
548 1968 2
548 1969 2
549 1949 2
549 1950 2
549 1951 2
549 1952 2
549 1953 2
549 1954 2
549 1955 2
549 1956 2
549 1957 2
549 1958 2
549 1959 2
550 1937 6
550 1938 6
550 1939 6
550 1940 6
550 1941 6
550 1942 6
550 1943 6
550 1944 6
550 1945 6
550 1946 6
550 1947 6
550 1948 6
559 2300 -40
560 2300 -60
561 2300 -80
562 1846 3
562 1847 3
562 1848 3
562 1849 3
562 1850 3
562 1851 3
562 1852 3
562 1853 3
562 1854 3
562 1855 3
562 1856 3
562 1857 3
562 1858 3
562 1936 2
562 2300 -120
563 1755 1
563 1756 1
563 1757 1
563 1758 1
563 1759 1
563 1760 1
563 1761 1
563 1762 1
563 1763 1
563 1764 1
563 1765 1
563 1766 1
563 1767 1
563 2300 -96
564 1650 1
564 1651 1
564 1652 1
564 1653 1
564 1654 1
564 1655 1
564 1656 1
564 1657 1
564 1658 1
564 1659 1
564 1660 1
564 1661 1
564 1662 1
564 2300 -72
565 1530 1
565 1531 1
565 1532 1
565 1533 1
565 1534 1
565 1535 1
565 1536 1
565 1537 1
565 1538 1
565 1539 1
565 1540 1
565 1541 1
565 1542 1
565 2300 -48
566 1394 1
566 1395 1
566 1396 1
566 1397 1
566 1398 1
566 1399 1
566 1400 1
566 1401 1
566 1402 1
566 1403 1
566 1404 1
566 1405 1
566 1406 1
566 2300 -24
567 1241 1
567 1242 1
567 1243 1
567 1244 1
567 1245 1
567 1246 1
567 1247 1
567 1248 1
567 1249 1
567 1250 1
567 1251 1
567 1252 1
567 1253 1
568 1070 1
568 1071 1
568 1072 1
568 1073 1
568 1074 1
568 1075 1
568 1076 1
568 1077 1
568 1078 1
568 1079 1
568 1080 1
568 1081 1
568 1082 1
569 880 1
569 881 1
569 882 1
569 883 1
569 884 1
569 885 1
569 886 1
569 887 1
569 888 1
569 889 1
569 890 1
569 891 1
569 892 1
570 670 1
570 671 1
570 672 1
570 673 1
570 674 1
570 675 1
570 676 1
570 677 1
570 678 1
570 679 1
570 680 1
570 681 1
570 682 1
571 439 1
571 440 1
571 441 1
571 442 1
571 443 1
571 444 1
571 445 1
571 446 1
571 447 1
571 448 1
571 449 1
571 450 1
571 451 1
572 186 1
572 187 1
572 188 1
572 189 1
572 190 1
572 191 1
572 192 1
572 193 1
572 194 1
572 195 1
572 196 1
572 197 1
572 198 1
639 1934 2
639 1935 2
640 1931 2
640 1932 2
640 1933 2
641 1927 2
641 1928 2
641 1929 2
641 1930 2
642 1922 2
642 1923 2
642 1924 2
642 1925 2
642 1926 2
643 1916 2
643 1917 2
643 1918 2
643 1919 2
643 1920 2
643 1921 2
644 1909 2
644 1910 2
644 1911 2
644 1912 2
644 1913 2
644 1914 2
644 1915 2
645 1901 2
645 1902 2
645 1903 2
645 1904 2
645 1905 2
645 1906 2
645 1907 2
645 1908 2
646 1892 2
646 1893 2
646 1894 2
646 1895 2
646 1896 2
646 1897 2
646 1898 2
646 1899 2
646 1900 2
647 1882 2
647 1883 2
647 1884 2
647 1885 2
647 1886 2
647 1887 2
647 1888 2
647 1889 2
647 1890 2
647 1891 2
648 1871 2
648 1872 2
648 1873 2
648 1874 2
648 1875 2
648 1876 2
648 1877 2
648 1878 2
648 1879 2
648 1880 2
648 1881 2
649 1859 2
649 1860 2
649 1861 2
649 1862 2
649 1863 2
649 1864 2
649 1865 2
649 1866 2
649 1867 2
649 1868 2
649 1869 2
649 1870 2
650 1846 6
650 1847 6
650 1848 6
650 1849 6
650 1850 6
650 1851 6
650 1852 6
650 1853 6
650 1854 6
650 1855 6
650 1856 6
650 1857 6
650 1858 6
659 2300 -32
660 2300 -48
661 2300 -64
662 2300 -96
663 1741 3
663 1742 3
663 1743 3
663 1744 3
663 1745 3
663 1746 3
663 1747 3
663 1748 3
663 1749 3
663 1750 3
663 1751 3
663 1752 3
663 1753 3
663 1754 3
663 1845 2
663 2300 -80
664 1636 1
664 1637 1
664 1638 1
664 1639 1
664 1640 1
664 1641 1
664 1642 1
664 1643 1
664 1644 1
664 1645 1
664 1646 1
664 1647 1
664 1648 1
664 1649 1
664 2300 -150
665 1516 1
665 1517 1
665 1518 1
665 1519 1
665 1520 1
665 1521 1
665 1522 1
665 1523 1
665 1524 1
665 1525 1
665 1526 1
665 1527 1
665 1528 1
665 1529 1
665 2300 -40
666 1380 1
666 1381 1
666 1382 1
666 1383 1
666 1384 1
666 1385 1
666 1386 1
666 1387 1
666 1388 1
666 1389 1
666 1390 1
666 1391 1
666 1392 1
666 1393 1
666 2300 -25
667 1227 1
667 1228 1
667 1229 1
667 1230 1
667 1231 1
667 1232 1
667 1233 1
667 1234 1
667 1235 1
667 1236 1
667 1237 1
667 1238 1
667 1239 1
667 1240 1
668 1056 1
668 1057 1
668 1058 1
668 1059 1
668 1060 1
668 1061 1
668 1062 1
668 1063 1
668 1064 1
668 1065 1
668 1066 1
668 1067 1
668 1068 1
668 1069 1
669 866 1
669 867 1
669 868 1
669 869 1
669 870 1
669 871 1
669 872 1
669 873 1
669 874 1
669 875 1
669 876 1
669 877 1
669 878 1
669 879 1
670 656 1
670 657 1
670 658 1
670 659 1
670 660 1
670 661 1
670 662 1
670 663 1
670 664 1
670 665 1
670 666 1
670 667 1
670 668 1
670 669 1
671 425 1
671 426 1
671 427 1
671 428 1
671 429 1
671 430 1
671 431 1
671 432 1
671 433 1
671 434 1
671 435 1
671 436 1
671 437 1
671 438 1
672 172 1
672 173 1
672 174 1
672 175 1
672 176 1
672 177 1
672 178 1
672 179 1
672 180 1
672 181 1
672 182 1
672 183 1
672 184 1
672 185 1
751 1843 2
751 1844 2
752 1840 2
752 1841 2
752 1842 2
753 1836 2
753 1837 2
753 1838 2
753 1839 2
754 1831 2
754 1832 2
754 1833 2
754 1834 2
754 1835 2
755 1825 2
755 1826 2
755 1827 2
755 1828 2
755 1829 2
755 1830 2
756 1818 2
756 1819 2
756 1820 2
756 1821 2
756 1822 2
756 1823 2
756 1824 2
757 1810 2
757 1811 2
757 1812 2
757 1813 2
757 1814 2
757 1815 2
757 1816 2
757 1817 2
758 1801 2
758 1802 2
758 1803 2
758 1804 2
758 1805 2
758 1806 2
758 1807 2
758 1808 2
758 1809 2
759 1791 2
759 1792 2
759 1793 2
759 1794 2
759 1795 2
759 1796 2
759 1797 2
759 1798 2
759 1799 2
759 1800 2
760 1780 2
760 1781 2
760 1782 2
760 1783 2
760 1784 2
760 1785 2
760 1786 2
760 1787 2
760 1788 2
760 1789 2
760 1790 2
761 1768 2
761 1769 2
761 1770 2
761 1771 2
761 1772 2
761 1773 2
761 1774 2
761 1775 2
761 1776 2
761 1777 2
761 1778 2
761 1779 2
762 1755 2
762 1756 2
762 1757 2
762 1758 2
762 1759 2
762 1760 2
762 1761 2
762 1762 2
762 1763 2
762 1764 2
762 1765 2
762 1766 2
762 1767 2
763 1741 6
763 1742 6
763 1743 6
763 1744 6
763 1745 6
763 1746 6
763 1747 6
763 1748 6
763 1749 6
763 1750 6
763 1751 6
763 1752 6
763 1753 6
763 1754 6
772 2300 -24
773 2300 -36
774 2300 -48
775 2300 -72
776 2300 -60
777 1621 3
777 1622 3
777 1623 3
777 1624 3
777 1625 3
777 1626 3
777 1627 3
777 1628 3
777 1629 3
777 1630 3
777 1631 3
777 1632 3
777 1633 3
777 1634 3
777 1635 3
777 1740 2
777 2300 -48
778 1501 1
778 1502 1
778 1503 1
778 1504 1
778 1505 1
778 1506 1
778 1507 1
778 1508 1
778 1509 1
778 1510 1
778 1511 1
778 1512 1
778 1513 1
778 1514 1
778 1515 1
778 2300 -32
779 1365 1
779 1366 1
779 1367 1
779 1368 1
779 1369 1
779 1370 1
779 1371 1
779 1372 1
779 1373 1
779 1374 1
779 1375 1
779 1376 1
779 1377 1
779 1378 1
779 1379 1
779 2300 -16
780 1212 1
780 1213 1
780 1214 1
780 1215 1
780 1216 1
780 1217 1
780 1218 1
780 1219 1
780 1220 1
780 1221 1
780 1222 1
780 1223 1
780 1224 1
780 1225 1
780 1226 1
781 1041 1
781 1042 1
781 1043 1
781 1044 1
781 1045 1
781 1046 1
781 1047 1
781 1048 1
781 1049 1
781 1050 1
781 1051 1
781 1052 1
781 1053 1
781 1054 1
781 1055 1
782 851 1
782 852 1
782 853 1
782 854 1
782 855 1
782 856 1
782 857 1
782 858 1
782 859 1
782 860 1
782 861 1
782 862 1
782 863 1
782 864 1
782 865 1
783 641 1
783 642 1
783 643 1
783 644 1
783 645 1
783 646 1
783 647 1
783 648 1
783 649 1
783 650 1
783 651 1
783 652 1
783 653 1
783 654 1
783 655 1
784 410 1
784 411 1
784 412 1
784 413 1
784 414 1
784 415 1
784 416 1
784 417 1
784 418 1
784 419 1
784 420 1
784 421 1
784 422 1
784 423 1
784 424 1
785 157 1
785 158 1
785 159 1
785 160 1
785 161 1
785 162 1
785 163 1
785 164 1
785 165 1
785 166 1
785 167 1
785 168 1
785 169 1
785 170 1
785 171 1
877 1738 2
877 1739 2
878 1735 2
878 1736 2
878 1737 2
879 1731 2
879 1732 2
879 1733 2
879 1734 2
880 1726 2
880 1727 2
880 1728 2
880 1729 2
880 1730 2
881 1720 2
881 1721 2
881 1722 2
881 1723 2
881 1724 2
881 1725 2
882 1713 2
882 1714 2
882 1715 2
882 1716 2
882 1717 2
882 1718 2
882 1719 2
883 1705 2
883 1706 2
883 1707 2
883 1708 2
883 1709 2
883 1710 2
883 1711 2
883 1712 2
884 1696 2
884 1697 2
884 1698 2
884 1699 2
884 1700 2
884 1701 2
884 1702 2
884 1703 2
884 1704 2
885 1686 2
885 1687 2
885 1688 2
885 1689 2
885 1690 2
885 1691 2
885 1692 2
885 1693 2
885 1694 2
885 1695 2
886 1675 2
886 1676 2
886 1677 2
886 1678 2
886 1679 2
886 1680 2
886 1681 2
886 1682 2
886 1683 2
886 1684 2
886 1685 2
887 1663 2
887 1664 2
887 1665 2
887 1666 2
887 1667 2
887 1668 2
887 1669 2
887 1670 2
887 1671 2
887 1672 2
887 1673 2
887 1674 2
888 1650 2
888 1651 2
888 1652 2
888 1653 2
888 1654 2
888 1655 2
888 1656 2
888 1657 2
888 1658 2
888 1659 2
888 1660 2
888 1661 2
888 1662 2
889 1636 2
889 1637 2
889 1638 2
889 1639 2
889 1640 2
889 1641 2
889 1642 2
889 1643 2
889 1644 2
889 1645 2
889 1646 2
889 1647 2
889 1648 2
889 1649 2
890 1621 6
890 1622 6
890 1623 6
890 1624 6
890 1625 6
890 1626 6
890 1627 6
890 1628 6
890 1629 6
890 1630 6
890 1631 6
890 1632 6
890 1633 6
890 1634 6
890 1635 6
899 2300 -16
900 2300 -24
901 2300 -32
902 2300 -48
903 2300 -40
904 2300 -32
905 1485 3
905 1486 3
905 1487 3
905 1488 3
905 1489 3
905 1490 3
905 1491 3
905 1492 3
905 1493 3
905 1494 3
905 1495 3
905 1496 3
905 1497 3
905 1498 3
905 1499 3
905 1500 3
905 1620 2
905 2300 -24
906 1349 1
906 1350 1
906 1351 1
906 1352 1
906 1353 1
906 1354 1
906 1355 1
906 1356 1
906 1357 1
906 1358 1
906 1359 1
906 1360 1
906 1361 1
906 1362 1
906 1363 1
906 1364 1
906 2300 -15
907 1196 1
907 1197 1
907 1198 1
907 1199 1
907 1200 1
907 1201 1
907 1202 1
907 1203 1
907 1204 1
907 1205 1
907 1206 1
907 1207 1
907 1208 1
907 1209 1
907 1210 1
907 1211 1
908 1025 1
908 1026 1
908 1027 1
908 1028 1
908 1029 1
908 1030 1
908 1031 1
908 1032 1
908 1033 1
908 1034 1
908 1035 1
908 1036 1
908 1037 1
908 1038 1
908 1039 1
908 1040 1
909 835 1
909 836 1
909 837 1
909 838 1
909 839 1
909 840 1
909 841 1
909 842 1
909 843 1
909 844 1
909 845 1
909 846 1
909 847 1
909 848 1
909 849 1
909 850 1
910 625 1
910 626 1
910 627 1
910 628 1
910 629 1
910 630 1
910 631 1
910 632 1
910 633 1
910 634 1
910 635 1
910 636 1
910 637 1
910 638 1
910 639 1
910 640 1
911 394 1
911 395 1
911 396 1
911 397 1
911 398 1
911 399 1
911 400 1
911 401 1
911 402 1
911 403 1
911 404 1
911 405 1
911 406 1
911 407 1
911 408 1
911 409 1
912 141 1
912 142 1
912 143 1
912 144 1
912 145 1
912 146 1
912 147 1
912 148 1
912 149 1
912 150 1
912 151 1
912 152 1
912 153 1
912 154 1
912 155 1
912 156 1
1018 1618 2
1018 1619 2
1019 1615 2
1019 1616 2
1019 1617 2
1020 1611 2
1020 1612 2
1020 1613 2
1020 1614 2
1021 1606 2
1021 1607 2
1021 1608 2
1021 1609 2
1021 1610 2
1022 1600 2
1022 1601 2
1022 1602 2
1022 1603 2
1022 1604 2
1022 1605 2
1023 1593 2
1023 1594 2
1023 1595 2
1023 1596 2
1023 1597 2
1023 1598 2
1023 1599 2
1024 1585 2
1024 1586 2
1024 1587 2
1024 1588 2
1024 1589 2
1024 1590 2
1024 1591 2
1024 1592 2
1025 1576 2
1025 1577 2
1025 1578 2
1025 1579 2
1025 1580 2
1025 1581 2
1025 1582 2
1025 1583 2
1025 1584 2
1026 1566 2
1026 1567 2
1026 1568 2
1026 1569 2
1026 1570 2
1026 1571 2
1026 1572 2
1026 1573 2
1026 1574 2
1026 1575 2
1027 1555 2
1027 1556 2
1027 1557 2
1027 1558 2
1027 1559 2
1027 1560 2
1027 1561 2
1027 1562 2
1027 1563 2
1027 1564 2
1027 1565 2
1028 1543 2
1028 1544 2
1028 1545 2
1028 1546 2
1028 1547 2
1028 1548 2
1028 1549 2
1028 1550 2
1028 1551 2
1028 1552 2
1028 1553 2
1028 1554 2
1029 1530 2
1029 1531 2
1029 1532 2
1029 1533 2
1029 1534 2
1029 1535 2
1029 1536 2
1029 1537 2
1029 1538 2
1029 1539 2
1029 1540 2
1029 1541 2
1029 1542 2
1030 1516 2
1030 1517 2
1030 1518 2
1030 1519 2
1030 1520 2
1030 1521 2
1030 1522 2
1030 1523 2
1030 1524 2
1030 1525 2
1030 1526 2
1030 1527 2
1030 1528 2
1030 1529 2
1031 1501 2
1031 1502 2
1031 1503 2
1031 1504 2
1031 1505 2
1031 1506 2
1031 1507 2
1031 1508 2
1031 1509 2
1031 1510 2
1031 1511 2
1031 1512 2
1031 1513 2
1031 1514 2
1031 1515 2
1032 1485 6
1032 1486 6
1032 1487 6
1032 1488 6
1032 1489 6
1032 1490 6
1032 1491 6
1032 1492 6
1032 1493 6
1032 1494 6
1032 1495 6
1032 1496 6
1032 1497 6
1032 1498 6
1032 1499 6
1032 1500 6
1041 2300 -8
1042 2300 -12
1043 2300 -16
1044 2300 -24
1045 2300 -20
1046 2300 -16
1047 2300 -12
1048 1332 3
1048 1333 3
1048 1334 3
1048 1335 3
1048 1336 3
1048 1337 3
1048 1338 3
1048 1339 3
1048 1340 3
1048 1341 3
1048 1342 3
1048 1343 3
1048 1344 3
1048 1345 3
1048 1346 3
1048 1347 3
1048 1348 3
1048 1484 2
1048 2300 -8
1049 1179 1
1049 1180 1
1049 1181 1
1049 1182 1
1049 1183 1
1049 1184 1
1049 1185 1
1049 1186 1
1049 1187 1
1049 1188 1
1049 1189 1
1049 1190 1
1049 1191 1
1049 1192 1
1049 1193 1
1049 1194 1
1049 1195 1
1050 1008 1
1050 1009 1
1050 1010 1
1050 1011 1
1050 1012 1
1050 1013 1
1050 1014 1
1050 1015 1
1050 1016 1
1050 1017 1
1050 1018 1
1050 1019 1
1050 1020 1
1050 1021 1
1050 1022 1
1050 1023 1
1050 1024 1
1051 818 1
1051 819 1
1051 820 1
1051 821 1
1051 822 1
1051 823 1
1051 824 1
1051 825 1
1051 826 1
1051 827 1
1051 828 1
1051 829 1
1051 830 1
1051 831 1
1051 832 1
1051 833 1
1051 834 1
1052 608 1
1052 609 1
1052 610 1
1052 611 1
1052 612 1
1052 613 1
1052 614 1
1052 615 1
1052 616 1
1052 617 1
1052 618 1
1052 619 1
1052 620 1
1052 621 1
1052 622 1
1052 623 1
1052 624 1
1053 377 1
1053 378 1
1053 379 1
1053 380 1
1053 381 1
1053 382 1
1053 383 1
1053 384 1
1053 385 1
1053 386 1
1053 387 1
1053 388 1
1053 389 1
1053 390 1
1053 391 1
1053 392 1
1053 393 1
1054 124 1
1054 125 1
1054 126 1
1054 127 1
1054 128 1
1054 129 1
1054 130 1
1054 131 1
1054 132 1
1054 133 1
1054 134 1
1054 135 1
1054 136 1
1054 137 1
1054 138 1
1054 139 1
1054 140 1
1175 1482 2
1175 1483 2
1176 1479 2
1176 1480 2
1176 1481 2
1177 1475 2
1177 1476 2
1177 1477 2
1177 1478 2
1178 1470 2
1178 1471 2
1178 1472 2
1178 1473 2
1178 1474 2
1179 1464 2
1179 1465 2
1179 1466 2
1179 1467 2
1179 1468 2
1179 1469 2
1180 1457 2
1180 1458 2
1180 1459 2
1180 1460 2
1180 1461 2
1180 1462 2
1180 1463 2
1181 1449 2
1181 1450 2
1181 1451 2
1181 1452 2
1181 1453 2
1181 1454 2
1181 1455 2
1181 1456 2
1182 1440 2
1182 1441 2
1182 1442 2
1182 1443 2
1182 1444 2
1182 1445 2
1182 1446 2
1182 1447 2
1182 1448 2
1183 1430 2
1183 1431 2
1183 1432 2
1183 1433 2
1183 1434 2
1183 1435 2
1183 1436 2
1183 1437 2
1183 1438 2
1183 1439 2
1184 1419 2
1184 1420 2
1184 1421 2
1184 1422 2
1184 1423 2
1184 1424 2
1184 1425 2
1184 1426 2
1184 1427 2
1184 1428 2
1184 1429 2
1185 1407 2
1185 1408 2
1185 1409 2
1185 1410 2
1185 1411 2
1185 1412 2
1185 1413 2
1185 1414 2
1185 1415 2
1185 1416 2
1185 1417 2
1185 1418 2
1186 1394 2
1186 1395 2
1186 1396 2
1186 1397 2
1186 1398 2
1186 1399 2
1186 1400 2
1186 1401 2
1186 1402 2
1186 1403 2
1186 1404 2
1186 1405 2
1186 1406 2
1187 1380 2
1187 1381 2
1187 1382 2
1187 1383 2
1187 1384 2
1187 1385 2
1187 1386 2
1187 1387 2
1187 1388 2
1187 1389 2
1187 1390 2
1187 1391 2
1187 1392 2
1187 1393 2
1188 1365 2
1188 1366 2
1188 1367 2
1188 1368 2
1188 1369 2
1188 1370 2
1188 1371 2
1188 1372 2
1188 1373 2
1188 1374 2
1188 1375 2
1188 1376 2
1188 1377 2
1188 1378 2
1188 1379 2
1189 1349 2
1189 1350 2
1189 1351 2
1189 1352 2
1189 1353 2
1189 1354 2
1189 1355 2
1189 1356 2
1189 1357 2
1189 1358 2
1189 1359 2
1189 1360 2
1189 1361 2
1189 1362 2
1189 1363 2
1189 1364 2
1190 1332 6
1190 1333 6
1190 1334 6
1190 1335 6
1190 1336 6
1190 1337 6
1190 1338 6
1190 1339 6
1190 1340 6
1190 1341 6
1190 1342 6
1190 1343 6
1190 1344 6
1190 1345 6
1190 1346 6
1190 1347 6
1190 1348 6
1207 1161 3
1207 1162 3
1207 1163 3
1207 1164 3
1207 1165 3
1207 1166 3
1207 1167 3
1207 1168 3
1207 1169 3
1207 1170 3
1207 1171 3
1207 1172 3
1207 1173 3
1207 1174 3
1207 1175 3
1207 1176 3
1207 1177 3
1207 1178 3
1207 1331 2
1208 990 1
1208 991 1
1208 992 1
1208 993 1
1208 994 1
1208 995 1
1208 996 1
1208 997 1
1208 998 1
1208 999 1
1208 1000 1
1208 1001 1
1208 1002 1
1208 1003 1
1208 1004 1
1208 1005 1
1208 1006 1
1208 1007 1
1208 2300 4
1209 800 1
1209 801 1
1209 802 1
1209 803 1
1209 804 1
1209 805 1
1209 806 1
1209 807 1
1209 808 1
1209 809 1
1209 810 1
1209 811 1
1209 812 1
1209 813 1
1209 814 1
1209 815 1
1209 816 1
1209 817 1
1210 590 1
1210 591 1
1210 592 1
1210 593 1
1210 594 1
1210 595 1
1210 596 1
1210 597 1
1210 598 1
1210 599 1
1210 600 1
1210 601 1
1210 602 1
1210 603 1
1210 604 1
1210 605 1
1210 606 1
1210 607 1
1211 359 1
1211 360 1
1211 361 1
1211 362 1
1211 363 1
1211 364 1
1211 365 1
1211 366 1
1211 367 1
1211 368 1
1211 369 1
1211 370 1
1211 371 1
1211 372 1
1211 373 1
1211 374 1
1211 375 1
1211 376 1
1212 106 1
1212 107 1
1212 108 1
1212 109 1
1212 110 1
1212 111 1
1212 112 1
1212 113 1
1212 114 1
1212 115 1
1212 116 1
1212 117 1
1212 118 1
1212 119 1
1212 120 1
1212 121 1
1212 122 1
1212 123 1
1349 1329 2
1349 1330 2
1350 1326 2
1350 1327 2
1350 1328 2
1351 1322 2
1351 1323 2
1351 1324 2
1351 1325 2
1352 1317 2
1352 1318 2
1352 1319 2
1352 1320 2
1352 1321 2
1353 1311 2
1353 1312 2
1353 1313 2
1353 1314 2
1353 1315 2
1353 1316 2
1354 1304 2
1354 1305 2
1354 1306 2
1354 1307 2
1354 1308 2
1354 1309 2
1354 1310 2
1355 1296 2
1355 1297 2
1355 1298 2
1355 1299 2
1355 1300 2
1355 1301 2
1355 1302 2
1355 1303 2
1356 1287 2
1356 1288 2
1356 1289 2
1356 1290 2
1356 1291 2
1356 1292 2
1356 1293 2
1356 1294 2
1356 1295 2
1357 1277 2
1357 1278 2
1357 1279 2
1357 1280 2
1357 1281 2
1357 1282 2
1357 1283 2
1357 1284 2
1357 1285 2
1357 1286 2
1358 1266 2
1358 1267 2
1358 1268 2
1358 1269 2
1358 1270 2
1358 1271 2
1358 1272 2
1358 1273 2
1358 1274 2
1358 1275 2
1358 1276 2
1359 1254 2
1359 1255 2
1359 1256 2
1359 1257 2
1359 1258 2
1359 1259 2
1359 1260 2
1359 1261 2
1359 1262 2
1359 1263 2
1359 1264 2
1359 1265 2
1360 1241 2
1360 1242 2
1360 1243 2
1360 1244 2
1360 1245 2
1360 1246 2
1360 1247 2
1360 1248 2
1360 1249 2
1360 1250 2
1360 1251 2
1360 1252 2
1360 1253 2
1361 1227 2
1361 1228 2
1361 1229 2
1361 1230 2
1361 1231 2
1361 1232 2
1361 1233 2
1361 1234 2
1361 1235 2
1361 1236 2
1361 1237 2
1361 1238 2
1361 1239 2
1361 1240 2
1362 1212 2
1362 1213 2
1362 1214 2
1362 1215 2
1362 1216 2
1362 1217 2
1362 1218 2
1362 1219 2
1362 1220 2
1362 1221 2
1362 1222 2
1362 1223 2
1362 1224 2
1362 1225 2
1362 1226 2
1363 1196 2
1363 1197 2
1363 1198 2
1363 1199 2
1363 1200 2
1363 1201 2
1363 1202 2
1363 1203 2
1363 1204 2
1363 1205 2
1363 1206 2
1363 1207 2
1363 1208 2
1363 1209 2
1363 1210 2
1363 1211 2
1364 1179 2
1364 1180 2
1364 1181 2
1364 1182 2
1364 1183 2
1364 1184 2
1364 1185 2
1364 1186 2
1364 1187 2
1364 1188 2
1364 1189 2
1364 1190 2
1364 1191 2
1364 1192 2
1364 1193 2
1364 1194 2
1364 1195 2
1365 1161 6
1365 1162 6
1365 1163 6
1365 1164 6
1365 1165 6
1365 1166 6
1365 1167 6
1365 1168 6
1365 1169 6
1365 1170 6
1365 1171 6
1365 1172 6
1365 1173 6
1365 1174 6
1365 1175 6
1365 1176 6
1365 1177 6
1365 1178 6
1382 2300 4
1383 971 3
1383 972 3
1383 973 3
1383 974 3
1383 975 3
1383 976 3
1383 977 3
1383 978 3
1383 979 3
1383 980 3
1383 981 3
1383 982 3
1383 983 3
1383 984 3
1383 985 3
1383 986 3
1383 987 3
1383 988 3
1383 989 3
1383 1160 2
1384 781 1
1384 782 1
1384 783 1
1384 784 1
1384 785 1
1384 786 1
1384 787 1
1384 788 1
1384 789 1
1384 790 1
1384 791 1
1384 792 1
1384 793 1
1384 794 1
1384 795 1
1384 796 1
1384 797 1
1384 798 1
1384 799 1
1385 571 1
1385 572 1
1385 573 1
1385 574 1
1385 575 1
1385 576 1
1385 577 1
1385 578 1
1385 579 1
1385 580 1
1385 581 1
1385 582 1
1385 583 1
1385 584 1
1385 585 1
1385 586 1
1385 587 1
1385 588 1
1385 589 1
1386 340 1
1386 341 1
1386 342 1
1386 343 1
1386 344 1
1386 345 1
1386 346 1
1386 347 1
1386 348 1
1386 349 1
1386 350 1
1386 351 1
1386 352 1
1386 353 1
1386 354 1
1386 355 1
1386 356 1
1386 357 1
1386 358 1
1387 87 1
1387 88 1
1387 89 1
1387 90 1
1387 91 1
1387 92 1
1387 93 1
1387 94 1
1387 95 1
1387 96 1
1387 97 1
1387 98 1
1387 99 1
1387 100 1
1387 101 1
1387 102 1
1387 103 1
1387 104 1
1387 105 1
1541 1158 2
1541 1159 2
1542 1155 2
1542 1156 2
1542 1157 2
1543 1151 2
1543 1152 2
1543 1153 2
1543 1154 2
1544 1146 2
1544 1147 2
1544 1148 2
1544 1149 2
1544 1150 2
1545 1140 2
1545 1141 2
1545 1142 2
1545 1143 2
1545 1144 2
1545 1145 2
1546 1133 2
1546 1134 2
1546 1135 2
1546 1136 2
1546 1137 2
1546 1138 2
1546 1139 2
1547 1125 2
1547 1126 2
1547 1127 2
1547 1128 2
1547 1129 2
1547 1130 2
1547 1131 2
1547 1132 2
1548 1116 2
1548 1117 2
1548 1118 2
1548 1119 2
1548 1120 2
1548 1121 2
1548 1122 2
1548 1123 2
1548 1124 2
1549 1106 2
1549 1107 2
1549 1108 2
1549 1109 2
1549 1110 2
1549 1111 2
1549 1112 2
1549 1113 2
1549 1114 2
1549 1115 2
1550 1095 2
1550 1096 2
1550 1097 2
1550 1098 2
1550 1099 2
1550 1100 2
1550 1101 2
1550 1102 2
1550 1103 2
1550 1104 2
1550 1105 2
1551 1083 2
1551 1084 2
1551 1085 2
1551 1086 2
1551 1087 2
1551 1088 2
1551 1089 2
1551 1090 2
1551 1091 2
1551 1092 2
1551 1093 2
1551 1094 2
1552 1070 2
1552 1071 2
1552 1072 2
1552 1073 2
1552 1074 2
1552 1075 2
1552 1076 2
1552 1077 2
1552 1078 2
1552 1079 2
1552 1080 2
1552 1081 2
1552 1082 2
1553 1056 2
1553 1057 2
1553 1058 2
1553 1059 2
1553 1060 2
1553 1061 2
1553 1062 2
1553 1063 2
1553 1064 2
1553 1065 2
1553 1066 2
1553 1067 2
1553 1068 2
1553 1069 2
1554 1041 2
1554 1042 2
1554 1043 2
1554 1044 2
1554 1045 2
1554 1046 2
1554 1047 2
1554 1048 2
1554 1049 2
1554 1050 2
1554 1051 2
1554 1052 2
1554 1053 2
1554 1054 2
1554 1055 2
1555 1025 2
1555 1026 2
1555 1027 2
1555 1028 2
1555 1029 2
1555 1030 2
1555 1031 2
1555 1032 2
1555 1033 2
1555 1034 2
1555 1035 2
1555 1036 2
1555 1037 2
1555 1038 2
1555 1039 2
1555 1040 2
1556 1008 2
1556 1009 2
1556 1010 2
1556 1011 2
1556 1012 2
1556 1013 2
1556 1014 2
1556 1015 2
1556 1016 2
1556 1017 2
1556 1018 2
1556 1019 2
1556 1020 2
1556 1021 2
1556 1022 2
1556 1023 2
1556 1024 2
1557 990 2
1557 991 2
1557 992 2
1557 993 2
1557 994 2
1557 995 2
1557 996 2
1557 997 2
1557 998 2
1557 999 2
1557 1000 2
1557 1001 2
1557 1002 2
1557 1003 2
1557 1004 2
1557 1005 2
1557 1006 2
1557 1007 2
1558 971 6
1558 972 6
1558 973 6
1558 974 6
1558 975 6
1558 976 6
1558 977 6
1558 978 6
1558 979 6
1558 980 6
1558 981 6
1558 982 6
1558 983 6
1558 984 6
1558 985 6
1558 986 6
1558 987 6
1558 988 6
1558 989 6
1577 761 3
1577 762 3
1577 763 3
1577 764 3
1577 765 3
1577 766 3
1577 767 3
1577 768 3
1577 769 3
1577 770 3
1577 771 3
1577 772 3
1577 773 3
1577 774 3
1577 775 3
1577 776 3
1577 777 3
1577 778 3
1577 779 3
1577 780 3
1577 970 2
1578 551 1
1578 552 1
1578 553 1
1578 554 1
1578 555 1
1578 556 1
1578 557 1
1578 558 1
1578 559 1
1578 560 1
1578 561 1
1578 562 1
1578 563 1
1578 564 1
1578 565 1
1578 566 1
1578 567 1
1578 568 1
1578 569 1
1578 570 1
1578 2300 4
1579 320 1
1579 321 1
1579 322 1
1579 323 1
1579 324 1
1579 325 1
1579 326 1
1579 327 1
1579 328 1
1579 329 1
1579 330 1
1579 331 1
1579 332 1
1579 333 1
1579 334 1
1579 335 1
1579 336 1
1579 337 1
1579 338 1
1579 339 1
1580 67 1
1580 68 1
1580 69 1
1580 70 1
1580 71 1
1580 72 1
1580 73 1
1580 74 1
1580 75 1
1580 76 1
1580 77 1
1580 78 1
1580 79 1
1580 80 1
1580 81 1
1580 82 1
1580 83 1
1580 84 1
1580 85 1
1580 86 1
1752 968 2
1752 969 2
1753 965 2
1753 966 2
1753 967 2
1754 961 2
1754 962 2
1754 963 2
1754 964 2
1755 956 2
1755 957 2
1755 958 2
1755 959 2
1755 960 2
1756 950 2
1756 951 2
1756 952 2
1756 953 2
1756 954 2
1756 955 2
1757 943 2
1757 944 2
1757 945 2
1757 946 2
1757 947 2
1757 948 2
1757 949 2
1758 935 2
1758 936 2
1758 937 2
1758 938 2
1758 939 2
1758 940 2
1758 941 2
1758 942 2
1759 926 2
1759 927 2
1759 928 2
1759 929 2
1759 930 2
1759 931 2
1759 932 2
1759 933 2
1759 934 2
1760 916 2
1760 917 2
1760 918 2
1760 919 2
1760 920 2
1760 921 2
1760 922 2
1760 923 2
1760 924 2
1760 925 2
1761 905 2
1761 906 2
1761 907 2
1761 908 2
1761 909 2
1761 910 2
1761 911 2
1761 912 2
1761 913 2
1761 914 2
1761 915 2
1762 893 2
1762 894 2
1762 895 2
1762 896 2
1762 897 2
1762 898 2
1762 899 2
1762 900 2
1762 901 2
1762 902 2
1762 903 2
1762 904 2
1763 880 2
1763 881 2
1763 882 2
1763 883 2
1763 884 2
1763 885 2
1763 886 2
1763 887 2
1763 888 2
1763 889 2
1763 890 2
1763 891 2
1763 892 2
1764 866 2
1764 867 2
1764 868 2
1764 869 2
1764 870 2
1764 871 2
1764 872 2
1764 873 2
1764 874 2
1764 875 2
1764 876 2
1764 877 2
1764 878 2
1764 879 2
1765 851 2
1765 852 2
1765 853 2
1765 854 2
1765 855 2
1765 856 2
1765 857 2
1765 858 2
1765 859 2
1765 860 2
1765 861 2
1765 862 2
1765 863 2
1765 864 2
1765 865 2
1766 835 2
1766 836 2
1766 837 2
1766 838 2
1766 839 2
1766 840 2
1766 841 2
1766 842 2
1766 843 2
1766 844 2
1766 845 2
1766 846 2
1766 847 2
1766 848 2
1766 849 2
1766 850 2
1767 818 2
1767 819 2
1767 820 2
1767 821 2
1767 822 2
1767 823 2
1767 824 2
1767 825 2
1767 826 2
1767 827 2
1767 828 2
1767 829 2
1767 830 2
1767 831 2
1767 832 2
1767 833 2
1767 834 2
1768 800 2
1768 801 2
1768 802 2
1768 803 2
1768 804 2
1768 805 2
1768 806 2
1768 807 2
1768 808 2
1768 809 2
1768 810 2
1768 811 2
1768 812 2
1768 813 2
1768 814 2
1768 815 2
1768 816 2
1768 817 2
1769 781 2
1769 782 2
1769 783 2
1769 784 2
1769 785 2
1769 786 2
1769 787 2
1769 788 2
1769 789 2
1769 790 2
1769 791 2
1769 792 2
1769 793 2
1769 794 2
1769 795 2
1769 796 2
1769 797 2
1769 798 2
1769 799 2
1770 761 6
1770 762 6
1770 763 6
1770 764 6
1770 765 6
1770 766 6
1770 767 6
1770 768 6
1770 769 6
1770 770 6
1770 771 6
1770 772 6
1770 773 6
1770 774 6
1770 775 6
1770 776 6
1770 777 6
1770 778 6
1770 779 6
1770 780 6
1789 2300 4
1790 530 3
1790 531 3
1790 532 3
1790 533 3
1790 534 3
1790 535 3
1790 536 3
1790 537 3
1790 538 3
1790 539 3
1790 540 3
1790 541 3
1790 542 3
1790 543 3
1790 544 3
1790 545 3
1790 546 3
1790 547 3
1790 548 3
1790 549 3
1790 550 3
1790 760 2
1791 299 1
1791 300 1
1791 301 1
1791 302 1
1791 303 1
1791 304 1
1791 305 1
1791 306 1
1791 307 1
1791 308 1
1791 309 1
1791 310 1
1791 311 1
1791 312 1
1791 313 1
1791 314 1
1791 315 1
1791 316 1
1791 317 1
1791 318 1
1791 319 1
1792 46 1
1792 47 1
1792 48 1
1792 49 1
1792 50 1
1792 51 1
1792 52 1
1792 53 1
1792 54 1
1792 55 1
1792 56 1
1792 57 1
1792 58 1
1792 59 1
1792 60 1
1792 61 1
1792 62 1
1792 63 1
1792 64 1
1792 65 1
1792 66 1
1983 758 2
1983 759 2
1984 755 2
1984 756 2
1984 757 2
1985 751 2
1985 752 2
1985 753 2
1985 754 2
1986 746 2
1986 747 2
1986 748 2
1986 749 2
1986 750 2
1987 740 2
1987 741 2
1987 742 2
1987 743 2
1987 744 2
1987 745 2
1988 733 2
1988 734 2
1988 735 2
1988 736 2
1988 737 2
1988 738 2
1988 739 2
1989 725 2
1989 726 2
1989 727 2
1989 728 2
1989 729 2
1989 730 2
1989 731 2
1989 732 2
1990 716 2
1990 717 2
1990 718 2
1990 719 2
1990 720 2
1990 721 2
1990 722 2
1990 723 2
1990 724 2
1991 706 2
1991 707 2
1991 708 2
1991 709 2
1991 710 2
1991 711 2
1991 712 2
1991 713 2
1991 714 2
1991 715 2
1992 695 2
1992 696 2
1992 697 2
1992 698 2
1992 699 2
1992 700 2
1992 701 2
1992 702 2
1992 703 2
1992 704 2
1992 705 2
1993 683 2
1993 684 2
1993 685 2
1993 686 2
1993 687 2
1993 688 2
1993 689 2
1993 690 2
1993 691 2
1993 692 2
1993 693 2
1993 694 2
1994 670 2
1994 671 2
1994 672 2
1994 673 2
1994 674 2
1994 675 2
1994 676 2
1994 677 2
1994 678 2
1994 679 2
1994 680 2
1994 681 2
1994 682 2
1995 656 2
1995 657 2
1995 658 2
1995 659 2
1995 660 2
1995 661 2
1995 662 2
1995 663 2
1995 664 2
1995 665 2
1995 666 2
1995 667 2
1995 668 2
1995 669 2
1996 641 2
1996 642 2
1996 643 2
1996 644 2
1996 645 2
1996 646 2
1996 647 2
1996 648 2
1996 649 2
1996 650 2
1996 651 2
1996 652 2
1996 653 2
1996 654 2
1996 655 2
1997 625 2
1997 626 2
1997 627 2
1997 628 2
1997 629 2
1997 630 2
1997 631 2
1997 632 2
1997 633 2
1997 634 2
1997 635 2
1997 636 2
1997 637 2
1997 638 2
1997 639 2
1997 640 2
1998 608 2
1998 609 2
1998 610 2
1998 611 2
1998 612 2
1998 613 2
1998 614 2
1998 615 2
1998 616 2
1998 617 2
1998 618 2
1998 619 2
1998 620 2
1998 621 2
1998 622 2
1998 623 2
1998 624 2
1999 590 2
1999 591 2
1999 592 2
1999 593 2
1999 594 2
1999 595 2
1999 596 2
1999 597 2
1999 598 2
1999 599 2
1999 600 2
1999 601 2
1999 602 2
1999 603 2
1999 604 2
1999 605 2
1999 606 2
1999 607 2
2000 571 2
2000 572 2
2000 573 2
2000 574 2
2000 575 2
2000 576 2
2000 577 2
2000 578 2
2000 579 2
2000 580 2
2000 581 2
2000 582 2
2000 583 2
2000 584 2
2000 585 2
2000 586 2
2000 587 2
2000 588 2
2000 589 2
2001 551 2
2001 552 2
2001 553 2
2001 554 2
2001 555 2
2001 556 2
2001 557 2
2001 558 2
2001 559 2
2001 560 2
2001 561 2
2001 562 2
2001 563 2
2001 564 2
2001 565 2
2001 566 2
2001 567 2
2001 568 2
2001 569 2
2001 570 2
2002 530 6
2002 531 6
2002 532 6
2002 533 6
2002 534 6
2002 535 6
2002 536 6
2002 537 6
2002 538 6
2002 539 6
2002 540 6
2002 541 6
2002 542 6
2002 543 6
2002 544 6
2002 545 6
2002 546 6
2002 547 6
2002 548 6
2002 549 6
2002 550 6
2023 277 3
2023 278 3
2023 279 3
2023 280 3
2023 281 3
2023 282 3
2023 283 3
2023 284 3
2023 285 3
2023 286 3
2023 287 3
2023 288 3
2023 289 3
2023 290 3
2023 291 3
2023 292 3
2023 293 3
2023 294 3
2023 295 3
2023 296 3
2023 297 3
2023 298 3
2023 529 2
2024 24 1
2024 25 1
2024 26 1
2024 27 1
2024 28 1
2024 29 1
2024 30 1
2024 31 1
2024 32 1
2024 33 1
2024 34 1
2024 35 1
2024 36 1
2024 37 1
2024 38 1
2024 39 1
2024 40 1
2024 41 1
2024 42 1
2024 43 1
2024 44 1
2024 45 1
2024 2300 4
2235 527 2
2235 528 2
2236 524 2
2236 525 2
2236 526 2
2237 520 2
2237 521 2
2237 522 2
2237 523 2
2238 515 2
2238 516 2
2238 517 2
2238 518 2
2238 519 2
2239 509 2
2239 510 2
2239 511 2
2239 512 2
2239 513 2
2239 514 2
2240 502 2
2240 503 2
2240 504 2
2240 505 2
2240 506 2
2240 507 2
2240 508 2
2241 494 2
2241 495 2
2241 496 2
2241 497 2
2241 498 2
2241 499 2
2241 500 2
2241 501 2
2242 485 2
2242 486 2
2242 487 2
2242 488 2
2242 489 2
2242 490 2
2242 491 2
2242 492 2
2242 493 2
2243 475 2
2243 476 2
2243 477 2
2243 478 2
2243 479 2
2243 480 2
2243 481 2
2243 482 2
2243 483 2
2243 484 2
2244 464 2
2244 465 2
2244 466 2
2244 467 2
2244 468 2
2244 469 2
2244 470 2
2244 471 2
2244 472 2
2244 473 2
2244 474 2
2245 452 2
2245 453 2
2245 454 2
2245 455 2
2245 456 2
2245 457 2
2245 458 2
2245 459 2
2245 460 2
2245 461 2
2245 462 2
2245 463 2
2246 439 2
2246 440 2
2246 441 2
2246 442 2
2246 443 2
2246 444 2
2246 445 2
2246 446 2
2246 447 2
2246 448 2
2246 449 2
2246 450 2
2246 451 2
2247 425 2
2247 426 2
2247 427 2
2247 428 2
2247 429 2
2247 430 2
2247 431 2
2247 432 2
2247 433 2
2247 434 2
2247 435 2
2247 436 2
2247 437 2
2247 438 2
2248 410 2
2248 411 2
2248 412 2
2248 413 2
2248 414 2
2248 415 2
2248 416 2
2248 417 2
2248 418 2
2248 419 2
2248 420 2
2248 421 2
2248 422 2
2248 423 2
2248 424 2
2249 394 2
2249 395 2
2249 396 2
2249 397 2
2249 398 2
2249 399 2
2249 400 2
2249 401 2
2249 402 2
2249 403 2
2249 404 2
2249 405 2
2249 406 2
2249 407 2
2249 408 2
2249 409 2
2250 377 2
2250 378 2
2250 379 2
2250 380 2
2250 381 2
2250 382 2
2250 383 2
2250 384 2
2250 385 2
2250 386 2
2250 387 2
2250 388 2
2250 389 2
2250 390 2
2250 391 2
2250 392 2
2250 393 2
2251 359 2
2251 360 2
2251 361 2
2251 362 2
2251 363 2
2251 364 2
2251 365 2
2251 366 2
2251 367 2
2251 368 2
2251 369 2
2251 370 2
2251 371 2
2251 372 2
2251 373 2
2251 374 2
2251 375 2
2251 376 2
2252 340 2
2252 341 2
2252 342 2
2252 343 2
2252 344 2
2252 345 2
2252 346 2
2252 347 2
2252 348 2
2252 349 2
2252 350 2
2252 351 2
2252 352 2
2252 353 2
2252 354 2
2252 355 2
2252 356 2
2252 357 2
2252 358 2
2253 320 2
2253 321 2
2253 322 2
2253 323 2
2253 324 2
2253 325 2
2253 326 2
2253 327 2
2253 328 2
2253 329 2
2253 330 2
2253 331 2
2253 332 2
2253 333 2
2253 334 2
2253 335 2
2253 336 2
2253 337 2
2253 338 2
2253 339 2
2254 299 2
2254 300 2
2254 301 2
2254 302 2
2254 303 2
2254 304 2
2254 305 2
2254 306 2
2254 307 2
2254 308 2
2254 309 2
2254 310 2
2254 311 2
2254 312 2
2254 313 2
2254 314 2
2254 315 2
2254 316 2
2254 317 2
2254 318 2
2254 319 2
2255 277 6
2255 278 6
2255 279 6
2255 280 6
2255 281 6
2255 282 6
2255 283 6
2255 284 6
2255 285 6
2255 286 6
2255 287 6
2255 288 6
2255 289 6
2255 290 6
2255 291 6
2255 292 6
2255 293 6
2255 294 6
2255 295 6
2255 296 6
2255 297 6
2255 298 6
2276 2300 4
2277 1 3
2277 2 3
2277 3 3
2277 4 3
2277 5 3
2277 6 3
2277 7 3
2277 8 3
2277 9 3
2277 10 3
2277 11 3
2277 12 3
2277 13 3
2277 14 3
2277 15 3
2277 16 3
2277 17 3
2277 18 3
2277 19 3
2277 20 3
2277 21 3
2277 22 3
2277 23 3
2277 276 2
2509 274 2
2509 275 2
2510 271 2
2510 272 2
2510 273 2
2511 267 2
2511 268 2
2511 269 2
2511 270 2
2512 262 2
2512 263 2
2512 264 2
2512 265 2
2512 266 2
2513 256 2
2513 257 2
2513 258 2
2513 259 2
2513 260 2
2513 261 2
2514 249 2
2514 250 2
2514 251 2
2514 252 2
2514 253 2
2514 254 2
2514 255 2
2515 241 2
2515 242 2
2515 243 2
2515 244 2
2515 245 2
2515 246 2
2515 247 2
2515 248 2
2516 232 2
2516 233 2
2516 234 2
2516 235 2
2516 236 2
2516 237 2
2516 238 2
2516 239 2
2516 240 2
2517 222 2
2517 223 2
2517 224 2
2517 225 2
2517 226 2
2517 227 2
2517 228 2
2517 229 2
2517 230 2
2517 231 2
2518 211 2
2518 212 2
2518 213 2
2518 214 2
2518 215 2
2518 216 2
2518 217 2
2518 218 2
2518 219 2
2518 220 2
2518 221 2
2519 199 2
2519 200 2
2519 201 2
2519 202 2
2519 203 2
2519 204 2
2519 205 2
2519 206 2
2519 207 2
2519 208 2
2519 209 2
2519 210 2
2520 186 2
2520 187 2
2520 188 2
2520 189 2
2520 190 2
2520 191 2
2520 192 2
2520 193 2
2520 194 2
2520 195 2
2520 196 2
2520 197 2
2520 198 2
2521 172 2
2521 173 2
2521 174 2
2521 175 2
2521 176 2
2521 177 2
2521 178 2
2521 179 2
2521 180 2
2521 181 2
2521 182 2
2521 183 2
2521 184 2
2521 185 2
2522 157 2
2522 158 2
2522 159 2
2522 160 2
2522 161 2
2522 162 2
2522 163 2
2522 164 2
2522 165 2
2522 166 2
2522 167 2
2522 168 2
2522 169 2
2522 170 2
2522 171 2
2523 141 2
2523 142 2
2523 143 2
2523 144 2
2523 145 2
2523 146 2
2523 147 2
2523 148 2
2523 149 2
2523 150 2
2523 151 2
2523 152 2
2523 153 2
2523 154 2
2523 155 2
2523 156 2
2524 124 2
2524 125 2
2524 126 2
2524 127 2
2524 128 2
2524 129 2
2524 130 2
2524 131 2
2524 132 2
2524 133 2
2524 134 2
2524 135 2
2524 136 2
2524 137 2
2524 138 2
2524 139 2
2524 140 2
2525 106 2
2525 107 2
2525 108 2
2525 109 2
2525 110 2
2525 111 2
2525 112 2
2525 113 2
2525 114 2
2525 115 2
2525 116 2
2525 117 2
2525 118 2
2525 119 2
2525 120 2
2525 121 2
2525 122 2
2525 123 2
2526 87 2
2526 88 2
2526 89 2
2526 90 2
2526 91 2
2526 92 2
2526 93 2
2526 94 2
2526 95 2
2526 96 2
2526 97 2
2526 98 2
2526 99 2
2526 100 2
2526 101 2
2526 102 2
2526 103 2
2526 104 2
2526 105 2
2527 67 2
2527 68 2
2527 69 2
2527 70 2
2527 71 2
2527 72 2
2527 73 2
2527 74 2
2527 75 2
2527 76 2
2527 77 2
2527 78 2
2527 79 2
2527 80 2
2527 81 2
2527 82 2
2527 83 2
2527 84 2
2527 85 2
2527 86 2
2528 46 2
2528 47 2
2528 48 2
2528 49 2
2528 50 2
2528 51 2
2528 52 2
2528 53 2
2528 54 2
2528 55 2
2528 56 2
2528 57 2
2528 58 2
2528 59 2
2528 60 2
2528 61 2
2528 62 2
2528 63 2
2528 64 2
2528 65 2
2528 66 2
2529 24 2
2529 25 2
2529 26 2
2529 27 2
2529 28 2
2529 29 2
2529 30 2
2529 31 2
2529 32 2
2529 33 2
2529 34 2
2529 35 2
2529 36 2
2529 37 2
2529 38 2
2529 39 2
2529 40 2
2529 41 2
2529 42 2
2529 43 2
2529 44 2
2529 45 2
2530 1 6
2530 2 6
2530 3 6
2530 4 6
2530 5 6
2530 6 6
2530 7 6
2530 8 6
2530 9 6
2530 10 6
2530 11 6
2530 12 6
2530 13 6
2530 14 6
2530 15 6
2530 16 6
2530 17 6
2530 18 6
2530 19 6
2530 20 6
2530 21 6
2530 22 6
2530 23 6
2531 1484 -2
2531 1620 -2
2531 1740 -2
2531 1845 -2
2531 1936 -2
2531 2014 -2
2531 2080 -2
2531 2135 -2
2531 2180 -2
2531 2216 -2
2531 2244 -2
2531 2265 -2
2531 2280 -2
2531 2290 -2
2531 2296 -2
2531 2299 -2
2531 2300 8
2532 1484 -4
2532 1620 -4
2532 1740 -4
2532 1845 -4
2532 1936 -4
2532 2014 -4
2532 2080 -4
2532 2135 -4
2532 2180 -4
2532 2216 -4
2532 2244 -4
2532 2265 -4
2532 2280 -4
2532 2290 -4
2532 2296 -4
2532 2299 -4
2532 2300 16
2533 1482 -2
2533 1483 -2
2533 1618 -2
2533 1619 -2
2533 1738 -2
2533 1739 -2
2533 1843 -2
2533 1844 -2
2533 1934 -2
2533 1935 -2
2533 2012 -2
2533 2013 -2
2533 2078 -2
2533 2079 -2
2533 2133 -2
2533 2134 -2
2533 2178 -2
2533 2179 -2
2533 2214 -2
2533 2215 -2
2533 2242 -2
2533 2243 -2
2533 2263 -2
2533 2264 -2
2533 2278 -2
2533 2279 -2
2533 2288 -2
2533 2289 -2
2533 2294 -2
2533 2295 -2
2533 2297 -6
2533 2298 -6
2534 1479 -2
2534 1480 -2
2534 1481 -2
2534 1615 -2
2534 1616 -2
2534 1617 -2
2534 1735 -2
2534 1736 -2
2534 1737 -2
2534 1840 -2
2534 1841 -2
2534 1842 -2
2534 1931 -2
2534 1932 -2
2534 1933 -2
2534 2009 -2
2534 2010 -2
2534 2011 -2
2534 2075 -2
2534 2076 -2
2534 2077 -2
2534 2130 -2
2534 2131 -2
2534 2132 -2
2534 2175 -2
2534 2176 -2
2534 2177 -2
2534 2211 -2
2534 2212 -2
2534 2213 -2
2534 2239 -2
2534 2240 -2
2534 2241 -2
2534 2260 -2
2534 2261 -2
2534 2262 -2
2534 2275 -2
2534 2276 -2
2534 2277 -2
2534 2285 -2
2534 2286 -2
2534 2287 -2
2534 2291 -6
2534 2292 -6
2534 2293 -6
2535 1475 -2
2535 1476 -2
2535 1477 -2
2535 1478 -2
2535 1611 -2
2535 1612 -2
2535 1613 -2
2535 1614 -2
2535 1731 -2
2535 1732 -2
2535 1733 -2
2535 1734 -2
2535 1836 -2
2535 1837 -2
2535 1838 -2
2535 1839 -2
2535 1927 -2
2535 1928 -2
2535 1929 -2
2535 1930 -2
2535 2005 -2
2535 2006 -2
2535 2007 -2
2535 2008 -2
2535 2071 -2
2535 2072 -2
2535 2073 -2
2535 2074 -2
2535 2126 -2
2535 2127 -2
2535 2128 -2
2535 2129 -2
2535 2171 -2
2535 2172 -2
2535 2173 -2
2535 2174 -2
2535 2207 -2
2535 2208 -2
2535 2209 -2
2535 2210 -2
2535 2235 -2
2535 2236 -2
2535 2237 -2
2535 2238 -2
2535 2256 -2
2535 2257 -2
2535 2258 -2
2535 2259 -2
2535 2271 -2
2535 2272 -2
2535 2273 -2
2535 2274 -2
2535 2281 -6
2535 2282 -6
2535 2283 -6
2535 2284 -6
2535 2288 2
2535 2289 2
2536 1470 -2
2536 1471 -2
2536 1472 -2
2536 1473 -2
2536 1474 -2
2536 1606 -2
2536 1607 -2
2536 1608 -2
2536 1609 -2
2536 1610 -2
2536 1726 -2
2536 1727 -2
2536 1728 -2
2536 1729 -2
2536 1730 -2
2536 1831 -2
2536 1832 -2
2536 1833 -2
2536 1834 -2
2536 1835 -2
2536 1922 -2
2536 1923 -2
2536 1924 -2
2536 1925 -2
2536 1926 -2
2536 2000 -2
2536 2001 -2
2536 2002 -2
2536 2003 -2
2536 2004 -2
2536 2066 -2
2536 2067 -2
2536 2068 -2
2536 2069 -2
2536 2070 -2
2536 2121 -2
2536 2122 -2
2536 2123 -2
2536 2124 -2
2536 2125 -2
2536 2166 -2
2536 2167 -2
2536 2168 -2
2536 2169 -2
2536 2170 -2
2536 2202 -2
2536 2203 -2
2536 2204 -2
2536 2205 -2
2536 2206 -2
2536 2230 -2
2536 2231 -2
2536 2232 -2
2536 2233 -2
2536 2234 -2
2536 2251 -2
2536 2252 -2
2536 2253 -2
2536 2254 -2
2536 2255 -2
2536 2266 -6
2536 2267 -6
2536 2268 -6
2536 2269 -6
2536 2270 -6
2536 2271 2
2536 2272 2
2536 2273 2
2536 2274 2
2536 2275 2
2536 2276 2
2536 2277 2
2537 1464 -2
2537 1465 -2
2537 1466 -2
2537 1467 -2
2537 1468 -2
2537 1469 -2
2537 1600 -2
2537 1601 -2
2537 1602 -2
2537 1603 -2
2537 1604 -2
2537 1605 -2
2537 1720 -2
2537 1721 -2
2537 1722 -2
2537 1723 -2
2537 1724 -2
2537 1725 -2
2537 1825 -2
2537 1826 -2
2537 1827 -2
2537 1828 -2
2537 1829 -2
2537 1830 -2
2537 1916 -2
2537 1917 -2
2537 1918 -2
2537 1919 -2
2537 1920 -2
2537 1921 -2
2537 1994 -2
2537 1995 -2
2537 1996 -2
2537 1997 -2
2537 1998 -2
2537 1999 -2
2537 2060 -2
2537 2061 -2
2537 2062 -2
2537 2063 -2
2537 2064 -2
2537 2065 -2
2537 2115 -2
2537 2116 -2
2537 2117 -2
2537 2118 -2
2537 2119 -2
2537 2120 -2
2537 2160 -2
2537 2161 -2
2537 2162 -2
2537 2163 -2
2537 2164 -2
2537 2165 -2
2537 2196 -2
2537 2197 -2
2537 2198 -2
2537 2199 -2
2537 2200 -2
2537 2201 -2
2537 2224 -2
2537 2225 -2
2537 2226 -2
2537 2227 -2
2537 2228 -2
2537 2229 -2
2537 2245 -6
2537 2246 -6
2537 2247 -6
2537 2248 -6
2537 2249 -6
2537 2250 -6
2537 2251 2
2537 2252 2
2537 2253 2
2537 2254 2
2537 2255 2
2538 1457 -2
2538 1458 -2
2538 1459 -2
2538 1460 -2
2538 1461 -2
2538 1462 -2
2538 1463 -2
2538 1593 -2
2538 1594 -2
2538 1595 -2
2538 1596 -2
2538 1597 -2
2538 1598 -2
2538 1599 -2
2538 1713 -2
2538 1714 -2
2538 1715 -2
2538 1716 -2
2538 1717 -2
2538 1718 -2
2538 1719 -2
2538 1818 -2
2538 1819 -2
2538 1820 -2
2538 1821 -2
2538 1822 -2
2538 1823 -2
2538 1824 -2
2538 1909 -2
2538 1910 -2
2538 1911 -2
2538 1912 -2
2538 1913 -2
2538 1914 -2
2538 1915 -2
2538 1987 -2
2538 1988 -2
2538 1989 -2
2538 1990 -2
2538 1991 -2
2538 1992 -2
2538 1993 -2
2538 2053 -2
2538 2054 -2
2538 2055 -2
2538 2056 -2
2538 2057 -2
2538 2058 -2
2538 2059 -2
2538 2108 -2
2538 2109 -2
2538 2110 -2
2538 2111 -2
2538 2112 -2
2538 2113 -2
2538 2114 -2
2538 2153 -2
2538 2154 -2
2538 2155 -2
2538 2156 -2
2538 2157 -2
2538 2158 -2
2538 2159 -2
2538 2189 -2
2538 2190 -2
2538 2191 -2
2538 2192 -2
2538 2193 -2
2538 2194 -2
2538 2195 -2
2538 2217 -6
2538 2218 -6
2538 2219 -6
2538 2220 -6
2538 2221 -6
2538 2222 -6
2538 2223 -6
2538 2224 2
2538 2225 2
2538 2226 2
2538 2227 2
2538 2228 2
2538 2229 2
2539 1449 -2
2539 1450 -2
2539 1451 -2
2539 1452 -2
2539 1453 -2
2539 1454 -2
2539 1455 -2
2539 1456 -2
2539 1585 -2
2539 1586 -2
2539 1587 -2
2539 1588 -2
2539 1589 -2
2539 1590 -2
2539 1591 -2
2539 1592 -2
2539 1705 -2
2539 1706 -2
2539 1707 -2
2539 1708 -2
2539 1709 -2
2539 1710 -2
2539 1711 -2
2539 1712 -2
2539 1810 -2
2539 1811 -2
2539 1812 -2
2539 1813 -2
2539 1814 -2
2539 1815 -2
2539 1816 -2
2539 1817 -2
2539 1901 -2
2539 1902 -2
2539 1903 -2
2539 1904 -2
2539 1905 -2
2539 1906 -2
2539 1907 -2
2539 1908 -2
2539 1979 -2
2539 1980 -2
2539 1981 -2
2539 1982 -2
2539 1983 -2
2539 1984 -2
2539 1985 -2
2539 1986 -2
2539 2045 -2
2539 2046 -2
2539 2047 -2
2539 2048 -2
2539 2049 -2
2539 2050 -2
2539 2051 -2
2539 2052 -2
2539 2100 -2
2539 2101 -2
2539 2102 -2
2539 2103 -2
2539 2104 -2
2539 2105 -2
2539 2106 -2
2539 2107 -2
2539 2145 -2
2539 2146 -2
2539 2147 -2
2539 2148 -2
2539 2149 -2
2539 2150 -2
2539 2151 -2
2539 2152 -2
2539 2181 -6
2539 2182 -6
2539 2183 -6
2539 2184 -6
2539 2185 -6
2539 2186 -6
2539 2187 -6
2539 2188 -6
2539 2189 2
2539 2190 2
2539 2191 2
2539 2192 2
2539 2193 2
2539 2194 2
2539 2195 2
2540 1440 -2
2540 1441 -2
2540 1442 -2
2540 1443 -2
2540 1444 -2
2540 1445 -2
2540 1446 -2
2540 1447 -2
2540 1448 -2
2540 1576 -2
2540 1577 -2
2540 1578 -2
2540 1579 -2
2540 1580 -2
2540 1581 -2
2540 1582 -2
2540 1583 -2
2540 1584 -2
2540 1696 -2
2540 1697 -2
2540 1698 -2
2540 1699 -2
2540 1700 -2
2540 1701 -2
2540 1702 -2
2540 1703 -2
2540 1704 -2
2540 1801 -2
2540 1802 -2
2540 1803 -2
2540 1804 -2
2540 1805 -2
2540 1806 -2
2540 1807 -2
2540 1808 -2
2540 1809 -2
2540 1892 -2
2540 1893 -2
2540 1894 -2
2540 1895 -2
2540 1896 -2
2540 1897 -2
2540 1898 -2
2540 1899 -2
2540 1900 -2
2540 1970 -2
2540 1971 -2
2540 1972 -2
2540 1973 -2
2540 1974 -2
2540 1975 -2
2540 1976 -2
2540 1977 -2
2540 1978 -2
2540 2036 -2
2540 2037 -2
2540 2038 -2
2540 2039 -2
2540 2040 -2
2540 2041 -2
2540 2042 -2
2540 2043 -2
2540 2044 -2
2540 2091 -2
2540 2092 -2
2540 2093 -2
2540 2094 -2
2540 2095 -2
2540 2096 -2
2540 2097 -2
2540 2098 -2
2540 2099 -2
2540 2136 -6
2540 2137 -6
2540 2138 -6
2540 2139 -6
2540 2140 -6
2540 2141 -6
2540 2142 -6
2540 2143 -6
2540 2144 -6
2540 2145 2
2540 2146 2
2540 2147 2
2540 2148 2
2540 2149 2
2540 2150 2
2540 2151 2
2540 2152 2
2541 1430 -2
2541 1431 -2
2541 1432 -2
2541 1433 -2
2541 1434 -2
2541 1435 -2
2541 1436 -2
2541 1437 -2
2541 1438 -2
2541 1439 -2
2541 1566 -2
2541 1567 -2
2541 1568 -2
2541 1569 -2
2541 1570 -2
2541 1571 -2
2541 1572 -2
2541 1573 -2
2541 1574 -2
2541 1575 -2
2541 1686 -2
2541 1687 -2
2541 1688 -2
2541 1689 -2
2541 1690 -2
2541 1691 -2
2541 1692 -2
2541 1693 -2
2541 1694 -2
2541 1695 -2
2541 1791 -2
2541 1792 -2
2541 1793 -2
2541 1794 -2
2541 1795 -2
2541 1796 -2
2541 1797 -2
2541 1798 -2
2541 1799 -2
2541 1800 -2
2541 1882 -2
2541 1883 -2
2541 1884 -2
2541 1885 -2
2541 1886 -2
2541 1887 -2
2541 1888 -2
2541 1889 -2
2541 1890 -2
2541 1891 -2
2541 1960 -2
2541 1961 -2
2541 1962 -2
2541 1963 -2
2541 1964 -2
2541 1965 -2
2541 1966 -2
2541 1967 -2
2541 1968 -2
2541 1969 -2
2541 2026 -2
2541 2027 -2
2541 2028 -2
2541 2029 -2
2541 2030 -2
2541 2031 -2
2541 2032 -2
2541 2033 -2
2541 2034 -2
2541 2035 -2
2541 2081 -6
2541 2082 -6
2541 2083 -6
2541 2084 -6
2541 2085 -6
2541 2086 -6
2541 2087 -6
2541 2088 -6
2541 2089 -6
2541 2090 -6
2542 1419 -2
2542 1420 -2
2542 1421 -2
2542 1422 -2
2542 1423 -2
2542 1424 -2
2542 1425 -2
2542 1426 -2
2542 1427 -2
2542 1428 -2
2542 1429 -2
2542 1555 -2
2542 1556 -2
2542 1557 -2
2542 1558 -2
2542 1559 -2
2542 1560 -2
2542 1561 -2
2542 1562 -2
2542 1563 -2
2542 1564 -2
2542 1565 -2
2542 1675 -2
2542 1676 -2
2542 1677 -2
2542 1678 -2
2542 1679 -2
2542 1680 -2
2542 1681 -2
2542 1682 -2
2542 1683 -2
2542 1684 -2
2542 1685 -2
2542 1780 -2
2542 1781 -2
2542 1782 -2
2542 1783 -2
2542 1784 -2
2542 1785 -2
2542 1786 -2
2542 1787 -2
2542 1788 -2
2542 1789 -2
2542 1790 -2
2542 1871 -2
2542 1872 -2
2542 1873 -2
2542 1874 -2
2542 1875 -2
2542 1876 -2
2542 1877 -2
2542 1878 -2
2542 1879 -2
2542 1880 -2
2542 1881 -2
2542 1949 -2
2542 1950 -2
2542 1951 -2
2542 1952 -2
2542 1953 -2
2542 1954 -2
2542 1955 -2
2542 1956 -2
2542 1957 -2
2542 1958 -2
2542 1959 -2
2542 2015 -6
2542 2016 -6
2542 2017 -6
2542 2018 -6
2542 2019 -6
2542 2020 -6
2542 2021 -6
2542 2022 -6
2542 2023 -6
2542 2024 -6
2542 2025 -6
2543 1407 -2
2543 1408 -2
2543 1409 -2
2543 1410 -2
2543 1411 -2
2543 1412 -2
2543 1413 -2
2543 1414 -2
2543 1415 -2
2543 1416 -2
2543 1417 -2
2543 1418 -2
2543 1543 -2
2543 1544 -2
2543 1545 -2
2543 1546 -2
2543 1547 -2
2543 1548 -2
2543 1549 -2
2543 1550 -2
2543 1551 -2
2543 1552 -2
2543 1553 -2
2543 1554 -2
2543 1663 -2
2543 1664 -2
2543 1665 -2
2543 1666 -2
2543 1667 -2
2543 1668 -2
2543 1669 -2
2543 1670 -2
2543 1671 -2
2543 1672 -2
2543 1673 -2
2543 1674 -2
2543 1768 -2
2543 1769 -2
2543 1770 -2
2543 1771 -2
2543 1772 -2
2543 1773 -2
2543 1774 -2
2543 1775 -2
2543 1776 -2
2543 1777 -2
2543 1778 -2
2543 1779 -2
2543 1859 -2
2543 1860 -2
2543 1861 -2
2543 1862 -2
2543 1863 -2
2543 1864 -2
2543 1865 -2
2543 1866 -2
2543 1867 -2
2543 1868 -2
2543 1869 -2
2543 1870 -2
2543 1937 -6
2543 1938 -6
2543 1939 -6
2543 1940 -6
2543 1941 -6
2543 1942 -6
2543 1943 -6
2543 1944 -6
2543 1945 -6
2543 1946 -6
2543 1947 -6
2543 1948 -6
2543 1960 2
2543 1961 2
2543 1962 2
2543 1963 2
2543 1964 2
2543 1965 2
2543 1966 2
2543 1967 2
2543 1968 2
2543 1969 2
2544 1394 -2
2544 1395 -2
2544 1396 -2
2544 1397 -2
2544 1398 -2
2544 1399 -2
2544 1400 -2
2544 1401 -2
2544 1402 -2
2544 1403 -2
2544 1404 -2
2544 1405 -2
2544 1406 -2
2544 1530 -2
2544 1531 -2
2544 1532 -2
2544 1533 -2
2544 1534 -2
2544 1535 -2
2544 1536 -2
2544 1537 -2
2544 1538 -2
2544 1539 -2
2544 1540 -2
2544 1541 -2
2544 1542 -2
2544 1650 -2
2544 1651 -2
2544 1652 -2
2544 1653 -2
2544 1654 -2
2544 1655 -2
2544 1656 -2
2544 1657 -2
2544 1658 -2
2544 1659 -2
2544 1660 -2
2544 1661 -2
2544 1662 -2
2544 1755 -2
2544 1756 -2
2544 1757 -2
2544 1758 -2
2544 1759 -2
2544 1760 -2
2544 1761 -2
2544 1762 -2
2544 1763 -2
2544 1764 -2
2544 1765 -2
2544 1766 -2
2544 1767 -2
2544 1846 -6
2544 1847 -6
2544 1848 -6
2544 1849 -6
2544 1850 -6
2544 1851 -6
2544 1852 -6
2544 1853 -6
2544 1854 -6
2544 1855 -6
2544 1856 -6
2544 1857 -6
2544 1858 -6
2544 1859 2
2544 1860 2
2544 1861 2
2544 1862 2
2544 1863 2
2544 1864 2
2544 1865 2
2544 1866 2
2544 1867 2
2544 1868 2
2544 1869 2
2544 1870 2
2544 1871 2
2544 1872 2
2544 1873 2
2544 1874 2
2544 1875 2
2544 1876 2
2544 1877 2
2544 1878 2
2544 1879 2
2544 1880 2
2544 1881 2
2545 1380 -2
2545 1381 -2
2545 1382 -2
2545 1383 -2
2545 1384 -2
2545 1385 -2
2545 1386 -2
2545 1387 -2
2545 1388 -2
2545 1389 -2
2545 1390 -2
2545 1391 -2
2545 1392 -2
2545 1393 -2
2545 1516 -2
2545 1517 -2
2545 1518 -2
2545 1519 -2
2545 1520 -2
2545 1521 -2
2545 1522 -2
2545 1523 -2
2545 1524 -2
2545 1525 -2
2545 1526 -2
2545 1527 -2
2545 1528 -2
2545 1529 -2
2545 1636 -2
2545 1637 -2
2545 1638 -2
2545 1639 -2
2545 1640 -2
2545 1641 -2
2545 1642 -2
2545 1643 -2
2545 1644 -2
2545 1645 -2
2545 1646 -2
2545 1647 -2
2545 1648 -2
2545 1649 -2
2545 1741 -6
2545 1742 -6
2545 1743 -6
2545 1744 -6
2545 1745 -6
2545 1746 -6
2545 1747 -6
2545 1748 -6
2545 1749 -6
2545 1750 -6
2545 1751 -6
2545 1752 -6
2545 1753 -6
2545 1754 -6
2545 1755 2
2545 1756 2
2545 1757 2
2545 1758 2
2545 1759 2
2545 1760 2
2545 1761 2
2545 1762 2
2545 1763 2
2545 1764 2
2545 1765 2
2545 1766 2
2545 1767 2
2546 1365 -2
2546 1366 -2
2546 1367 -2
2546 1368 -2
2546 1369 -2
2546 1370 -2
2546 1371 -2
2546 1372 -2
2546 1373 -2
2546 1374 -2
2546 1375 -2
2546 1376 -2
2546 1377 -2
2546 1378 -2
2546 1379 -2
2546 1501 -2
2546 1502 -2
2546 1503 -2
2546 1504 -2
2546 1505 -2
2546 1506 -2
2546 1507 -2
2546 1508 -2
2546 1509 -2
2546 1510 -2
2546 1511 -2
2546 1512 -2
2546 1513 -2
2546 1514 -2
2546 1515 -2
2546 1621 -6
2546 1622 -6
2546 1623 -6
2546 1624 -6
2546 1625 -6
2546 1626 -6
2546 1627 -6
2546 1628 -6
2546 1629 -6
2546 1630 -6
2546 1631 -6
2546 1632 -6
2546 1633 -6
2546 1634 -6
2546 1635 -6
2546 1636 2
2546 1637 2
2546 1638 2
2546 1639 2
2546 1640 2
2546 1641 2
2546 1642 2
2546 1643 2
2546 1644 2
2546 1645 2
2546 1646 2
2546 1647 2
2546 1648 2
2546 1649 2
2547 1349 -2
2547 1350 -2
2547 1351 -2
2547 1352 -2
2547 1353 -2
2547 1354 -2
2547 1355 -2
2547 1356 -2
2547 1357 -2
2547 1358 -2
2547 1359 -2
2547 1360 -2
2547 1361 -2
2547 1362 -2
2547 1363 -2
2547 1364 -2
2547 1485 -6
2547 1486 -6
2547 1487 -6
2547 1488 -6
2547 1489 -6
2547 1490 -6
2547 1491 -6
2547 1492 -6
2547 1493 -6
2547 1494 -6
2547 1495 -6
2547 1496 -6
2547 1497 -6
2547 1498 -6
2547 1499 -6
2547 1500 -6
2547 1501 2
2547 1502 2
2547 1503 2
2547 1504 2
2547 1505 2
2547 1506 2
2547 1507 2
2547 1508 2
2547 1509 2
2547 1510 2
2547 1511 2
2547 1512 2
2547 1513 2
2547 1514 2
2547 1515 2
2548 1332 -6
2548 1333 -6
2548 1334 -6
2548 1335 -6
2548 1336 -6
2548 1337 -6
2548 1338 -6
2548 1339 -6
2548 1340 -6
2548 1341 -6
2548 1342 -6
2548 1343 -6
2548 1344 -6
2548 1345 -6
2548 1346 -6
2548 1347 -6
2548 1348 -6
2548 1349 2
2548 1350 2
2548 1351 2
2548 1352 2
2548 1353 2
2548 1354 2
2548 1355 2
2548 1356 2
2548 1357 2
2548 1358 2
2548 1359 2
2548 1360 2
2548 1361 2
2548 1362 2
2548 1363 2
2548 1364 2
2550 990 2
2550 991 2
2550 992 2
2550 993 2
2550 994 2
2550 995 2
2550 996 2
2550 997 2
2550 998 2
2550 999 2
2550 1000 2
2550 1001 2
2550 1002 2
2550 1003 2
2550 1004 2
2550 1005 2
2550 1006 2
2550 1007 2
2552 551 2
2552 552 2
2552 553 2
2552 554 2
2552 555 2
2552 556 2
2552 557 2
2552 558 2
2552 559 2
2552 560 2
2552 561 2
2552 562 2
2552 563 2
2552 564 2
2552 565 2
2552 566 2
2552 567 2
2552 568 2
2552 569 2
2552 570 2
2554 24 2
2554 25 2
2554 26 2
2554 27 2
2554 28 2
2554 29 2
2554 30 2
2554 31 2
2554 32 2
2554 33 2
2554 34 2
2554 35 2
2554 36 2
2554 37 2
2554 38 2
2554 39 2
2554 40 2
2554 41 2
2554 42 2
2554 43 2
2554 44 2
2554 45 2
0 0 0
